1,49
2,18
3,77
4,80
5,65
6,70
7,83
8,467
9,126
10,61
11,61
12,96
13,155
14,206
15,64
16,98
17,74
18,135
19,53
20,39
21,113
22,116
23,74
24,89
25,87
26,160
27,53
28,89
29,51
30,71
31,91
32,43
33,76
34,40
35,71
36,57
37,71
38,61
39,65
40,100
41,326
42,90
43,125
44,103
45,293
46,392
47,67
48,105
49,154
50,179
51,87
52,99
53,109
54,114
55,307
56,506
57,90
58,97
59,355
60,64
61,69
62,61
63,138
64,78
65,75
66,89
67,80
68,61
69,40
70,76
71,45
72,65
73,55
74,39
75,67
76,82
77,101
78,90
79,46
80,67
81,68
82,64
83,76
84,72
85,49
86,71
87,307
88,367
89,112
90,61
91,105
92,66
93,86
94,57
95,30
96,118
97,450
98,96
99,79
100,83
101,205
102,249
103,114
104,222
105,86
106,80
107,181
108,169
109,64
110,37
111,52
112,47
113,493
114,49
115,74
116,231
117,53
118,83
119,90
120,29
121,77
122,266
123,138
124,80
125,56
126,75
127,128
128,82
129,47
130,61
131,44
132,80
133,455
134,29
135,57
136,81
137,204
138,66
139,39
140,70
141,122
142,59
143,115
144,71
145,76
146,51
147,66
148,108
149,25
150,102
151,393
152,429
153,199
154,202
155,87
156,135
157,110
158,67
159,90
160,130
161,75
162,352
163,106
164,227
165,95
166,274
167,92
168,65
169,73
170,360
171,134
172,166
173,33
174,72
175,477
176,73
177,341
178,70
179,85
180,145
181,89
182,56
183,56
184,84
185,130
186,80
187,371
188,75
189,68
190,93
191,102
192,447
193,374
194,392
195,58
196,290
197,109
198,104
199,440
200,90
201,74
202,394
203,72
204,115
205,62
206,104
207,66
208,78
209,52
210,218
211,93
212,45
213,257
214,76
215,146
216,114
217,88
218,63
219,56
220,55
221,113
222,188
223,84
224,54
225,471
226,99
227,47
228,96
229,111
230,74
231,68
232,103
233,32
234,90
235,516
236,103
237,68
238,66
239,297
240,57
241,46
242,87
243,103
244,177
245,101
246,100
247,115
248,59
249,535
250,85
251,74
252,92
253,48
254,80
255,83
256,92
257,381
258,54
259,70
260,85
261,341
262,66
263,170
264,40
265,381
266,284
267,100
268,121
269,225
270,37
271,28
272,82
273,41
274,62
275,63
276,319
277,109
278,511
279,75
280,311
281,65
282,113
283,43
284,82
285,122
286,119
287,79
288,49
289,532
290,103
291,71
292,46
293,287
294,78
295,80
296,114
297,86
298,39
299,327
300,175
301,58
302,136
303,69
304,32
305,90
306,37
307,42
308,97
309,62
310,171
311,471
312,104
313,90
314,82
315,76
316,95
317,164
318,93
319,344
320,72
321,64
322,92
323,133
324,306
325,66
326,63
327,188
328,75
329,162
330,235
331,44
332,466
333,117
334,92
335,66
336,109
337,495
338,58
339,113
340,184
341,435
342,86
343,438
344,44
345,331
346,438
347,310
348,108
349,63
350,46
351,174
352,91
353,125
354,115
355,113
356,49
357,49
358,92
359,36
360,134
361,108
362,54
363,87
364,76
365,120
366,144
367,112
368,478
369,90
370,36
371,70
372,177
373,70
374,85
375,118
376,84
377,55
378,220
379,402
380,111
381,50
382,61
383,142
384,68
385,59
386,293
387,155
388,73
389,30
390,38
391,99
392,77
393,78
394,57
395,82
396,105
397,75
398,95
399,70
400,137
401,110
402,184
403,116
404,400
405,53
406,72
407,50
408,84
409,127
410,552
411,62
412,59
413,110
414,207
415,170
416,308
417,84
418,54
419,277
420,149
421,80
422,79
423,162
424,115
425,86
426,125
427,100
428,38
429,61
430,49
431,95
432,63
433,134
434,69
435,146
436,81
437,356
438,389
439,102
440,465
441,74
442,48
443,56
444,93
445,75
446,71
447,140
448,53
449,58
450,95
451,59
452,26
453,100
454,279
455,98
456,51
457,40
458,77
459,87
460,361
461,89
462,43
463,98
464,104
465,135
466,96
467,130
468,107
469,90
470,172
471,74
472,57
473,76
474,66
475,118
476,76
477,61
478,59
479,167
480,68
481,34
482,149
483,58
484,187
485,325
486,54
487,445
488,20
489,91
490,159
491,80
492,26
493,95
494,580
495,326
496,60
497,113
498,96
499,124
500,110
501,394
502,335
503,74
504,100
505,54
506,103
507,119
508,470
509,550
510,44
511,104
512,313
513,85
514,98
515,49
516,89
517,45
518,67
519,94
520,118
521,80
522,110
523,73
524,48
525,77
526,102
527,64
528,103
529,153
530,93
531,42
532,128
533,492
534,323
535,275
536,61
537,139
538,41
539,78
540,150
541,334
542,384
543,41
544,137
545,357
546,180
547,61
548,94
549,88
550,90
551,55
552,73
553,140
554,73
555,48
556,255
557,87
558,64
559,66
560,71
561,69
562,27
563,211
564,60
565,76
566,47
567,103
568,136
569,42
570,77
571,67
572,412
573,46
574,134
575,64
576,86
577,72
578,70
579,103
580,148
581,83
582,71
583,120
584,50
585,197
586,277
587,351
588,129
589,71
590,81
591,90
592,111
593,116
594,73
595,376
596,302
597,102
598,96
599,149
600,71
601,37
602,550
603,53
604,139
605,58
606,31
607,138
608,108
609,406
610,57
611,88
612,67
613,51
614,169
615,19
616,121
617,366
618,95
619,133
620,123
621,45
622,38
623,77
624,87
625,66
626,198
627,137
628,125
629,74
630,127
631,71
632,95
633,79
634,86
635,99
636,45
637,50
638,122
639,104
640,59
641,96
642,61
643,64
644,462
645,148
646,72
647,66
648,101
649,148
650,77
651,65
652,58
653,70
654,468
655,38
656,57
657,83
658,39
659,62
660,84
661,79
662,85
663,196
664,95
665,36
666,62
667,149
668,169
669,438
670,76
671,82
672,59
673,79
674,219
675,141
676,219
677,310
678,59
679,76
680,126
681,467
682,57
683,77
684,46
685,147
686,440
687,42
688,82
689,62
690,68
691,422
692,274
693,69
694,238
695,41
696,111
697,178
698,54
699,43
700,319
701,54
702,88
703,62
704,89
705,297
706,261
707,102
708,318
709,133
710,71
711,63
712,86
713,403
714,85
715,90
716,74
717,129
718,68
719,50
720,271
721,52
722,158
723,325
724,65
725,96
726,51
727,69
728,139
729,172
730,58
731,49
732,72
733,179
734,324
735,221
736,81
737,94
738,58
739,80
740,122
741,137
742,349
743,58
744,69
745,81
746,100
747,152
748,63
749,151
750,30
751,158
752,90
753,342
754,81
755,20
756,65
757,76
758,224
759,134
760,77
761,60
762,96
763,134
764,124
765,93
766,74
767,126
768,99
769,46
770,57
771,67
772,152
773,77
774,62
775,47
776,40
777,92
778,100
779,208
780,366
781,205
782,107
783,169
784,90
785,101
786,137
787,168
788,95
789,61
790,50
791,84
792,102
793,56
794,105
795,152
796,87
797,83
798,344
799,79
800,329
801,32
802,78
803,308
804,68
805,106
806,94
807,56
808,62
809,99
810,130
811,480
812,71
813,85
814,151
815,71
816,65
817,85
818,102
819,60
820,51
821,346
822,91
823,235
824,81
825,87
826,67
827,476
828,95
829,79
830,54
831,91
832,44
833,91
834,87
835,194
836,43
837,104
838,66
839,78
840,28
841,64
842,69
843,66
844,39
845,67
846,67
847,33
848,65
849,81
850,81
851,88
852,102
853,104
854,58
855,96
856,72
857,72
858,78
859,193
860,73
861,163
862,60
863,260
864,400
865,65
866,76
867,86
868,53
869,136
870,49
871,53
872,105
873,72
874,111
875,80
876,87
877,57
878,218
879,44
880,164
881,112
882,87
883,62
884,55
885,145
886,361
887,123
888,52
889,46
890,70
891,85
892,63
893,73
894,54
895,126
896,342
897,41
898,109
899,67
900,192
901,108
902,53
903,341
904,69
905,75
906,68
907,421
908,62
909,87
910,110
911,78
912,55
913,44
914,29
915,56
916,63
917,80
918,420
919,85
920,158
921,88
922,95
923,94
924,441
925,68
926,93
927,105
928,55
929,45
930,55
931,78
932,153
933,72
934,83
935,88
936,98
937,51
938,46
939,99
940,111
941,83
942,84
943,266
944,85
945,45
946,70
947,53
948,39
949,39
950,116
951,70
952,431
953,66
954,41
955,79
956,113
957,137
958,62
959,170
960,45
961,129
962,68
963,59
964,118
965,56
966,52
967,62
968,62
969,137
970,90
971,91
972,78
973,58
974,359
975,102
976,56
977,60
978,89
979,47
980,54
981,101
982,162
983,53
984,109
985,105
986,26
987,282
988,84
989,144
990,259
991,178
992,105
993,80
994,35
995,79
996,36
997,68
998,64
999,76
1000,88
1001,46
1002,86
1003,365
1004,75
1005,93
1006,318
1007,112
1008,350
1009,80
1010,44
1011,53
1012,35
1013,44
1014,90
1015,88
1016,109
1017,45
1018,34
1019,278
1020,98
1021,75
1022,112
1023,385
1024,109
1025,96
1026,80
1027,72
1028,55
1029,303
1030,390
1031,83
1032,151
1033,79
1034,102
1035,76
1036,116
1037,67
1038,77
1039,260
1040,84
1041,45
1042,71
1043,67
1044,72
1045,54
1046,60
1047,78
1048,41
1049,338
1050,60
1051,103
1052,63
1053,79
1054,92
1055,101
1056,361
1057,173
1058,54
1059,89
1060,78
1061,63
1062,90
1063,150
1064,137
1065,129
1066,76
1067,68
1068,282
1069,115
1070,120
1071,58
1072,88
1073,87
1074,109
1075,86
1076,54
1077,112
1078,72
1079,61
1080,50
1081,164
1082,80
1083,36
1084,88
1085,86
1086,444
1087,70
1088,117
1089,64
1090,83
1091,73
1092,75
1093,143
1094,53
1095,54
1096,72
1097,178
1098,70
1099,326
1100,77
1101,130
1102,45
1103,219
1104,132
1105,115
1106,75
1107,462
1108,268
1109,106
1110,40
1111,51
1112,68
1113,29
1114,63
1115,57
1116,66
1117,30
1118,69
1119,107
1120,352
1121,52
1122,84
1123,403
1124,65
1125,53
1126,48
1127,380
1128,106
1129,119
1130,70
1131,61
1132,80
1133,66
1134,35
1135,232
1136,50
1137,86
1138,110
1139,68
1140,277
1141,139
1142,377
1143,67
1144,39
1145,140
1146,195
1147,293
1148,131
1149,65
1150,197
1151,63
1152,424
1153,263
1154,105
1155,52
1156,201
1157,244
1158,159
1159,96
1160,52
1161,70
1162,33
1163,78
1164,123
1165,32
1166,76
1167,394
1168,404
1169,68
1170,64
1171,105
1172,17
1173,50
1174,165
1175,97
1176,63
1177,109
1178,337
1179,43
1180,82
1181,102
1182,113
1183,37
1184,78
1185,70
1186,29
1187,160
1188,212
1189,79
1190,370
1191,46
1192,31
1193,361
1194,452
1195,97
1196,68
1197,62
1198,59
1199,52
1200,84
1201,85
1202,54
1203,91
1204,81
1205,68
1206,25
1207,58
1208,78
1209,61
1210,50
1211,44
1212,62
1213,84
1214,164
1215,106
1216,43
1217,89
1218,64
1219,33
1220,95
1221,348
1222,56
1223,68
1224,65
1225,83
1226,124
1227,41
1228,87
1229,44
1230,68
1231,113
1232,384
1233,126
1234,643
1235,77
1236,79
1237,58
1238,79
1239,187
1240,322
1241,84
1242,329
1243,44
1244,112
1245,57
1246,57
1247,106
1248,333
1249,425
1250,275
1251,98
1252,42
1253,68
1254,39
1255,126
1256,63
1257,79
1258,106
1259,61
1260,48
1261,90
1262,52
1263,72
1264,78
1265,87
1266,120
1267,50
1268,71
1269,75
1270,80
1271,389
1272,52
1273,203
1274,64
1275,70
1276,54
1277,455
1278,127
1279,72
1280,76
1281,84
1282,60
1283,81
1284,64
1285,49
1286,95
1287,66
1288,67
1289,80
1290,82
1291,45
1292,161
1293,176
1294,109
1295,120
1296,284
1297,136
1298,48
1299,90
1300,240
1301,142
1302,92
1303,51
1304,199
1305,48
1306,104
1307,152
1308,87
1309,152
1310,55
1311,74
1312,214
1313,241
1314,84
1315,98
1316,392
1317,89
1318,458
1319,72
1320,65
1321,65
1322,89
1323,195
1324,331
1325,203
1326,82
1327,68
1328,44
1329,48
1330,75
1331,109
1332,161
1333,79
1334,150
1335,64
1336,94
1337,398
1338,83
1339,52
1340,26
1341,51
1342,93
1343,179
1344,222
1345,366
1346,75
1347,103
1348,52
1349,65
1350,39
1351,77
1352,66
1353,74
1354,112
1355,122
1356,68
1357,321
1358,84
1359,190
1360,104
1361,79
1362,89
1363,322
1364,316
1365,146
1366,66
1367,61
1368,80
1369,101
1370,43
1371,87
1372,94
1373,88
1374,63
1375,83
1376,27
1377,86
1378,75
1379,54
1380,81
1381,108
1382,128
1383,91
1384,98
1385,86
1386,157
1387,123
1388,383
1389,172
1390,178
1391,28
1392,90
1393,74
1394,56
1395,130
1396,54
1397,72
1398,88
1399,73
1400,68
1401,101
1402,23
1403,68
1404,110
1405,61
1406,91
1407,44
1408,52
1409,49
1410,408
1411,277
1412,83
1413,50
1414,187
1415,88
1416,69
1417,362
1418,73
1419,25
1420,117
1421,48
1422,66
1423,68
1424,59
1425,409
1426,70
1427,139
1428,75
1429,90
1430,127
1431,160
1432,93
1433,313
1434,111
1435,81
1436,226
1437,156
1438,109
1439,37
1440,87
1441,79
1442,41
1443,48
1444,65
1445,285
1446,137
1447,141
1448,342
1449,50
1450,152
1451,123
1452,71
1453,76
1454,71
1455,230
1456,294
1457,47
1458,71
1459,358
1460,202
1461,219
1462,21
1463,39
1464,62
1465,60
1466,283
1467,69
1468,91
1469,66
1470,58
1471,258
1472,66
1473,81
1474,100
1475,456
1476,75
1477,85
1478,458
1479,55
1480,163
1481,41
1482,107
1483,394
1484,131
1485,280
1486,54
1487,61
1488,73
1489,91
1490,67
1491,97
1492,55
1493,65
1494,87
1495,83
1496,66
1497,93
1498,58
1499,94
1500,187
1501,67
1502,85
1503,434
1504,80
1505,83
1506,162
1507,81
1508,102
1509,79
1510,97
1511,109
1512,55
1513,74
1514,51
1515,56
1516,72
1517,83
1518,50
1519,103
1520,61
1521,197
1522,466
1523,111
1524,74
1525,75
1526,143
1527,86
1528,163
1529,71
1530,132
1531,200
1532,90
1533,357
1534,51
1535,55
1536,74
1537,26
1538,222
1539,111
1540,34
1541,103
1542,160
1543,30
1544,93
1545,268
1546,66
1547,54
1548,50
1549,76
1550,118
1551,81
1552,76
1553,54
1554,112
1555,93
1556,91
1557,103
1558,67
1559,72
1560,266
1561,99
1562,53
1563,232
1564,205
1565,84
1566,159
1567,86
1568,368
1569,129
1570,95
1571,109
1572,42
1573,157
1574,88
1575,410
1576,78
1577,460
1578,105
1579,131
1580,169
1581,85
1582,368
1583,376
1584,336
1585,66
1586,345
1587,58
1588,67
1589,125
1590,66
1591,76
1592,56
1593,213
1594,98
1595,84
1596,389
1597,67
1598,455
1599,62
1600,73
1601,51
1602,94
1603,55
1604,269
1605,111
1606,402
1607,193
1608,351
1609,110
1610,67
1611,83
1612,56
1613,93
1614,104
1615,68
1616,126
1617,56
1618,31
1619,65
1620,55
1621,72
1622,95
1623,41
1624,76
1625,252
1626,130
1627,474
1628,49
1629,55
1630,37
1631,97
1632,74
1633,98
1634,192
1635,321
1636,106
1637,69
1638,101
1639,94
1640,105
1641,85
1642,172
1643,76
1644,59
1645,91
1646,96
1647,66
1648,334
1649,75
1650,72
1651,97
1652,86
1653,271
1654,399
1655,105
1656,246
1657,200
1658,111
1659,54
1660,209
1661,54
1662,154
1663,43
1664,548
1665,113
1666,68
1667,59
1668,445
1669,51
1670,385
1671,75
1672,22
1673,57
1674,67
1675,74
1676,171
1677,69
1678,96
1679,48
1680,133
1681,532
1682,46
1683,35
1684,433
1685,68
1686,66
1687,66
1688,71
1689,71
1690,136
1691,55
1692,393
1693,88
1694,372
1695,72
1696,251
1697,92
1698,50
1699,164
1700,74
1701,91
1702,73
1703,292
1704,61
1705,105
1706,268
1707,60
1708,68
1709,108
1710,116
1711,81
1712,337
1713,102
1714,96
1715,90
1716,84
1717,258
1718,56
1719,85
1720,69
1721,69
1722,80
1723,106
1724,36
1725,119
1726,60
1727,78
1728,64
1729,55
1730,69
1731,62
1732,62
1733,55
1734,77
1735,169
1736,387
1737,113
1738,64
1739,45
1740,239
1741,74
1742,80
1743,276
1744,440
1745,41
1746,63
1747,101
1748,88
1749,180
1750,107
1751,54
1752,111
1753,61
1754,96
1755,44
1756,44
1757,59
1758,132
1759,233
1760,159
1761,116
1762,128
1763,67
1764,120
1765,41
1766,57
1767,59
1768,143
1769,491
1770,77
1771,64
1772,88
1773,100
1774,52
1775,140
1776,343
1777,139
1778,40
1779,386
1780,86
1781,34
1782,48
1783,73
1784,71
1785,68
1786,39
1787,77
1788,79
1789,79
1790,57
1791,93
1792,94
1793,82
1794,45
1795,106
1796,102
1797,93
1798,176
1799,56
1800,140
1801,39
1802,92
1803,46
1804,117
1805,90
1806,64
1807,322
1808,482
1809,198
1810,73
1811,92
1812,69
1813,127
1814,111
1815,76
1816,105
1817,107
1818,125
1819,69
1820,48
1821,137
1822,52
1823,111
1824,80
1825,127
1826,88
1827,73
1828,82
1829,37
1830,58
1831,86
1832,59
1833,104
1834,109
1835,102
1836,91
1837,57
1838,40
1839,64
1840,52
1841,25
1842,84
1843,65
1844,66
1845,92
1846,78
1847,63
1848,56
1849,134
1850,82
1851,62
1852,51
1853,336
1854,97
1855,85
1856,70
1857,188
1858,185
1859,107
1860,96
1861,130
1862,394
1863,385
1864,513
1865,84
1866,54
1867,99
1868,72
1869,85
1870,52
1871,66
1872,85
1873,85
1874,117
1875,84
1876,49
1877,340
1878,93
1879,84
1880,92
1881,325
1882,253
1883,96
1884,215
1885,61
1886,59
1887,145
1888,103
1889,78
1890,167
1891,120
1892,81
1893,67
1894,41
1895,394
1896,86
1897,64
1898,63
1899,418
1900,107
1901,58
1902,54
1903,80
1904,188
1905,56
1906,82
1907,62
1908,58
1909,312
1910,68
1911,358
1912,65
1913,108
1914,64
1915,532
1916,70
1917,69
1918,68
1919,50
1920,76
1921,50
1922,66
1923,55
1924,31
1925,313
1926,277
1927,124
1928,75
1929,76
1930,58
1931,65
1932,89
1933,65
1934,155
1935,74
1936,93
1937,67
1938,69
1939,76
1940,241
1941,145
1942,115
1943,74
1944,116
1945,90
1946,88
1947,62
1948,64
1949,404
1950,48
1951,29
1952,320
1953,62
1954,98
1955,79
1956,49
1957,80
1958,370
1959,117
1960,44
1961,185
1962,61
1963,130
1964,119
1965,48
1966,67
1967,53
1968,79
1969,114
1970,61
1971,267
1972,68
1973,72
1974,105
1975,47
1976,64
1977,99
1978,105
1979,84
1980,75
1981,225
1982,89
1983,62
1984,36
1985,44
1986,95
1987,221
1988,61
1989,105
1990,133
1991,126
1992,174
1993,78
1994,40
1995,74
1996,48
1997,57
1998,91
1999,108
2000,90
2001,356
2002,130
2003,63
2004,149
2005,44
2006,85
2007,54
2008,49
2009,62
2010,54
2011,67
2012,67
2013,46
2014,41
2015,70
2016,140
2017,472
2018,159
2019,52
2020,60
2021,63
2022,48
2023,151
2024,68
2025,56
2026,355
2027,75
2028,409
2029,366
2030,114
2031,233
2032,63
2033,97
2034,70
2035,49
2036,67
2037,69
2038,211
2039,392
2040,80
2041,97
2042,93
2043,76
2044,179
2045,50
2046,115
2047,135
2048,108
2049,114
2050,38
2051,103
2052,96
2053,74
2054,473
2055,96
2056,387
2057,58
2058,86
2059,128
2060,82
2061,56
2062,94
2063,42
2064,55
2065,112
2066,101
2067,35
2068,101
2069,89
2070,98
2071,74
2072,64
2073,66
2074,68
2075,355
2076,82
2077,536
2078,50
2079,149
2080,74
2081,299
2082,63
2083,71
2084,54
2085,61
2086,293
2087,50
2088,51
2089,80
2090,96
2091,88
2092,135
2093,105
2094,578
2095,162
2096,41
2097,104
2098,151
2099,69
2100,93
2101,53
2102,246
2103,76
2104,127
2105,125
2106,75
2107,84
2108,66
2109,62
2110,27
2111,258
2112,46
2113,67
2114,46
2115,82
2116,105
2117,53
2118,76
2119,68
2120,157
2121,30
2122,135
2123,50
2124,103
2125,73
2126,58
2127,820
2128,99
2129,167
2130,80
2131,61
2132,78
2133,78
2134,126
2135,64
2136,60
2137,57
2138,407
2139,64
2140,47
2141,28
2142,299
2143,92
2144,84
2145,111
2146,52
2147,70
2148,174
2149,63
2150,459
2151,74
2152,330
2153,53
2154,293
2155,467
2156,69
2157,61
2158,116
2159,132
2160,64
2161,110
2162,69
2163,76
2164,104
2165,429
2166,78
2167,475
2168,116
2169,46
2170,30
2171,68
2172,404
2173,43
2174,111
2175,72
2176,160
2177,80
2178,61
2179,26
2180,82
2181,85
2182,97
2183,74
2184,175
2185,89
2186,72
2187,87
2188,27
2189,392
2190,125
2191,578
2192,56
2193,65
2194,75
2195,66
2196,152
2197,120
2198,409
2199,75
2200,261
2201,220
2202,47
2203,135
2204,130
2205,40
2206,144
2207,142
2208,70
2209,78
2210,380
2211,110
2212,101
2213,51
2214,105
2215,45
2216,101
2217,141
2218,103
2219,111
2220,87
2221,77
2222,39
2223,89
2224,198
2225,65
2226,31
2227,71
2228,325
2229,87
2230,74
2231,85
2232,36
2233,367
2234,75
2235,78
2236,65
2237,61
2238,52
2239,341
2240,284
2241,98
2242,60
2243,57
2244,69
2245,62
2246,159
2247,20
2248,92
2249,44
2250,343
2251,93
2252,328
2253,108
2254,48
2255,69
2256,80
2257,67
2258,236
2259,93
2260,82
2261,76
2262,64
2263,146
2264,69
2265,385
2266,78
2267,68
2268,66
2269,152
2270,83
2271,73
2272,76
2273,135
2274,76
2275,68
2276,103
2277,97
2278,88
2279,72
2280,42
2281,318
2282,122
2283,67
2284,65
2285,61
2286,27
2287,419
2288,41
2289,342
2290,80
2291,96
2292,381
2293,119
2294,133
2295,98
2296,79
2297,46
2298,75
2299,84
2300,206
2301,42
2302,90
2303,72
2304,81
2305,106
2306,96
2307,80
2308,170
2309,136
2310,108
2311,387
2312,61
2313,41
2314,270
2315,470
2316,77
2317,64
2318,69
2319,328
2320,90
2321,90
2322,79
2323,67
2324,159
2325,47
2326,382
2327,399
2328,98
2329,94
2330,50
2331,89
2332,64
2333,57
2334,213
2335,108
2336,41
2337,68
2338,62
2339,128
2340,61
2341,268
2342,59
2343,173
2344,71
2345,111
2346,90
2347,55
2348,95
2349,62
2350,81
2351,67
2352,78
2353,113
2354,38
2355,61
2356,101
2357,103
2358,76
2359,238
2360,459
2361,514
2362,270
2363,129
2364,72
2365,114
2366,152
2367,70
2368,66
2369,54
2370,77
2371,82
2372,52
2373,1083
2374,344
2375,134
2376,111
2377,689
2378,167
2379,70
2380,86
2381,107
2382,150
2383,89
2384,485
2385,125
2386,109
2387,167
2388,55
2389,74
2390,261
2391,85
2392,149
2393,133
2394,199
2395,78
2396,72
2397,100
2398,86
2399,102
2400,54
2401,93
2402,177
2403,53
2404,114
2405,34
2406,93
2407,203
2408,21
2409,76
2410,71
2411,465
2412,180
2413,246
2414,99
2415,324
2416,103
2417,308
2418,79
2419,77
2420,204
2421,196
2422,77
2423,109
2424,73
2425,401
2426,208
2427,392
2428,130
2429,138
2430,56
2431,59
2432,409
2433,49
2434,116
2435,66
2436,94
2437,181
2438,418
2439,105
2440,38
2441,86
2442,91
2443,89
2444,130
2445,69
2446,79
2447,107
2448,478
2449,59
2450,100
2451,506
2452,96
2453,73
2454,127
2455,60
2456,128
2457,73
2458,96
2459,66
2460,92
2461,190
2462,447
2463,239
2464,70
2465,111
2466,102
2467,77
2468,179
2469,109
2470,97
2471,46
2472,72
2473,202
2474,67
2475,446
2476,98
2477,67
2478,416
2479,94
2480,296
2481,95
2482,121
2483,403
2484,67
2485,113
2486,84
2487,123
2488,98
2489,69
2490,82
2491,86
2492,46
2493,150
2494,60
2495,333
2496,321
2497,63
2498,350
2499,67
2500,123
2501,80
2502,48
2503,68
2504,87
2505,87
2506,80
2507,48
2508,87
2509,41
2510,102
2511,436
2512,23
2513,96
2514,352
2515,75
2516,123
2517,210
2518,139
2519,120
2520,323
2521,54
2522,98
2523,81
2524,76
2525,79
2526,139
2527,391
2528,75
2529,61
2530,218
2531,73
2532,88
2533,160
2534,73
2535,63
2536,175
2537,57
2538,487
2539,128
2540,87
2541,50
2542,60
2543,65
2544,86
2545,75
2546,143
2547,35
2548,247
2549,36
2550,84
2551,459
2552,60
2553,81
2554,46
2555,70
2556,86
2557,44
2558,69
2559,71
2560,227
2561,80
2562,62
2563,121
2564,95
2565,45
2566,375
2567,46
2568,95
2569,184
2570,91
2571,71
2572,76
2573,90
2574,89
2575,77
2576,68
2577,51
2578,66
2579,341
2580,69
2581,193
2582,145
2583,66
2584,33
2585,78
2586,155
2587,65
2588,62
2589,89
2590,224
2591,70
2592,76
2593,27
2594,345
2595,137
2596,89
2597,190
2598,106
2599,111
2600,56
2601,27
2602,52
2603,55
2604,58
2605,113
2606,79
2607,48
2608,87
2609,42
2610,72
2611,38
2612,104
2613,54
2614,56
2615,42
2616,90
2617,55
2618,72
2619,328
2620,120
2621,70
2622,139
2623,59
2624,92
2625,63
2626,76
2627,120
2628,70
2629,43
2630,82
2631,93
2632,85
2633,82
2634,136
2635,268
2636,85
2637,224
2638,134
2639,522
2640,111
2641,104
2642,80
2643,324
2644,63
2645,51
2646,54
2647,86
2648,310
2649,98
2650,48
2651,54
2652,159
2653,42
2654,76
2655,107
2656,20
2657,52
2658,79
2659,60
2660,109
2661,113
2662,412
2663,80
2664,265
2665,61
2666,71
2667,125
2668,149
2669,102
2670,242
2671,53
2672,61
2673,98
2674,50
2675,43
2676,66
2677,155
2678,46
2679,87
2680,295
2681,203
2682,43
2683,247
2684,111
2685,34
2686,119
2687,38
2688,91
2689,39
2690,399
2691,59
2692,81
2693,53
2694,161
2695,205
2696,50
2697,110
2698,53
2699,100
2700,149
2701,90
2702,157
2703,442
2704,426
2705,78
2706,141
2707,104
2708,159
2709,96
2710,83
2711,49
2712,280
2713,72
2714,45
2715,99
2716,76
2717,57
2718,106
2719,251
2720,53
2721,32
2722,86
2723,112
2724,430
2725,53
2726,178
2727,178
2728,58
2729,60
2730,91
2731,37
2732,62
2733,46
2734,150
2735,188
2736,135
2737,71
2738,110
2739,74
2740,94
2741,75
2742,52
2743,273
2744,80
2745,358
2746,79
2747,68
2748,37
2749,57
2750,406
2751,201
2752,33
2753,77
2754,77
2755,74
2756,82
2757,52
2758,50
2759,77
2760,45
2761,72
2762,60
2763,51
2764,125
2765,337
2766,380
2767,150
2768,53
2769,50
2770,72
2771,123
2772,66
2773,91
2774,113
2775,60
2776,68
2777,74
2778,74
2779,49
2780,186
2781,79
2782,92
2783,107
2784,98
2785,54
2786,58
2787,118
2788,104
2789,57
2790,96
2791,156
2792,59
2793,78
2794,51
2795,155
2796,85
2797,180
2798,532
2799,72
2800,55
2801,102
2802,96
2803,58
2804,88
2805,69
2806,437
2807,135
2808,107
2809,98
2810,111
2811,30
2812,72
2813,338
2814,32
2815,129
2816,94
2817,124
2818,77
2819,67
2820,109
2821,165
2822,66
2823,172
2824,63
2825,79
2826,86
2827,89
2828,110
2829,157
2830,31
2831,60
2832,117
2833,425
2834,79
2835,90
2836,59
2837,490
2838,378
2839,102
2840,78
2841,47
2842,102
2843,116
2844,54
2845,67
2846,115
2847,83
2848,96
2849,399
2850,64
2851,68
2852,53
2853,61
2854,73
2855,56
2856,49
2857,79
2858,126
2859,57
2860,40
2861,108
2862,61
2863,101
2864,373
2865,72
2866,19
2867,40
2868,167
2869,162
2870,24
2871,423
2872,48
2873,70
2874,52
2875,124
2876,58
2877,42
2878,323
2879,257
2880,85
2881,70
2882,29
2883,90
2884,69
2885,123
2886,55
2887,76
2888,170
2889,44
2890,75
2891,104
2892,156
2893,219
2894,42
2895,38
2896,101
2897,75
2898,153
2899,59
2900,59
2901,79
2902,122
2903,285
2904,92
2905,53
2906,85
2907,90
2908,85
2909,98
2910,60
2911,95
2912,52
2913,107
2914,78
2915,83
2916,47
2917,121
2918,444
2919,282
2920,93
2921,61
2922,89
2923,322
2924,368
2925,54
2926,101
2927,300
2928,56
2929,50
2930,95
2931,100
2932,64
2933,56
2934,55
2935,87
2936,62
2937,58
2938,81
2939,70
2940,91
2941,89
2942,80
2943,91
2944,37
2945,354
2946,161
2947,68
2948,128
2949,84
2950,78
2951,123
2952,69
2953,52
2954,71
2955,86
2956,84
2957,70
2958,75
2959,38
2960,67
2961,56
2962,95
2963,62
2964,99
2965,74
2966,230
2967,106
2968,244
2969,97
2970,184
2971,46
2972,88
2973,55
2974,68
2975,117
2976,22
2977,126
2978,102
2979,84
2980,108
2981,36
2982,113
2983,122
2984,96
2985,111
2986,52
2987,73
2988,162
2989,58
2990,110
2991,109
2992,98
2993,84
2994,36
2995,63
2996,79
2997,352
2998,323
2999,113
3000,91
3001,64
3002,92
3003,74
3004,38
3005,87
3006,80
3007,141
3008,28
3009,153
3010,45
3011,73
3012,94
3013,82
3014,226
3015,84
3016,83
3017,176
3018,61
3019,65
3020,157
3021,157
3022,60
3023,81
3024,134
3025,298
3026,399
3027,231
3028,347
3029,91
3030,95
3031,339
3032,295
3033,44
3034,57
3035,53
3036,151
3037,358
3038,125
3039,111
3040,48
3041,179
3042,47
3043,18
3044,329
3045,82
3046,72
3047,53
3048,111
3049,286
3050,71
3051,505
3052,372
3053,85
3054,347
3055,18
3056,80
3057,52
3058,226
3059,96
3060,152
3061,89
3062,84
3063,290
3064,100
3065,107
3066,84
3067,46
3068,114
3069,98
3070,71
3071,265
3072,53
3073,62
3074,95
3075,231
3076,110
3077,73
3078,125
3079,124
3080,69
3081,65
3082,59
3083,262
3084,79
3085,501
3086,75
3087,74
3088,76
3089,117
3090,571
3091,114
3092,88
3093,77
3094,76
3095,38
3096,405
3097,104
3098,66
3099,55
3100,319
3101,65
3102,44
3103,101
3104,408
3105,81
3106,69
3107,455
3108,70
3109,54
3110,61
3111,72
3112,239
3113,54
3114,72
3115,47
3116,65
3117,51
3118,87
3119,86
3120,34
3121,76
3122,34
3123,81
3124,42
3125,94
3126,90
3127,108
3128,90
3129,135
3130,52
3131,109
3132,72
3133,207
3134,97
3135,75
3136,71
3137,63
3138,70
3139,51
3140,112
3141,109
3142,89
3143,107
3144,200
3145,57
3146,128
3147,263
3148,60
3149,42
3150,49
3151,61
3152,385
3153,256
3154,94
3155,62
3156,85
3157,115
3158,92
3159,53
3160,102
3161,255
3162,96
3163,155
3164,75
3165,47
3166,103
3167,40
3168,50
3169,173
3170,74
3171,94
3172,93
3173,123
3174,37
3175,85
3176,65
3177,45
3178,338
3179,171
3180,755
3181,46
3182,161
3183,151
3184,80
3185,64
3186,270
3187,56
3188,119
3189,30
3190,86
3191,97
3192,79
3193,81
3194,91
3195,125
3196,370
3197,81
3198,76
3199,83
3200,63
3201,182
3202,87
3203,267
3204,48
3205,199
3206,78
3207,69
3208,58
3209,80
3210,115
3211,112
3212,76
3213,88
3214,91
3215,95
3216,94
3217,119
3218,91
3219,63
3220,83
3221,39
3222,125
3223,115
3224,292
3225,46
3226,96
3227,122
3228,102
3229,84
3230,107
3231,91
3232,187
3233,31
3234,70
3235,71
3236,140
3237,93
3238,58
3239,399
3240,85
3241,66
3242,135
3243,34
3244,100
3245,61
3246,266
3247,70
3248,111
3249,394
3250,57
3251,51
3252,464
3253,80
3254,327
3255,55
3256,70
3257,486
3258,87
3259,426
3260,110
3261,367
3262,90
3263,106
3264,69
3265,109
3266,61
3267,38
3268,79
3269,40
3270,346
3271,175
3272,93
3273,119
3274,96
3275,494
3276,78
3277,104
3278,49
3279,129
3280,70
3281,122
3282,126
3283,288
3284,88
3285,103
3286,50
3287,168
3288,85
3289,221
3290,162
3291,103
3292,55
3293,74
3294,71
3295,50
3296,27
3297,140
3298,358
3299,66
3300,53
3301,76
3302,78
3303,65
3304,73
3305,40
3306,62
3307,439
3308,62
3309,77
3310,78
3311,76
3312,359
3313,63
3314,88
3315,98
3316,125
3317,360
3318,79
3319,84
3320,97
3321,84
3322,95
3323,125
3324,79
3325,212
3326,59
3327,114
3328,162
3329,243
3330,54
3331,313
3332,80
3333,92
3334,95
3335,54
3336,54
3337,48
3338,50
3339,56
3340,70
3341,54
3342,136
3343,95
3344,58
3345,68
3346,38
3347,217
3348,170
3349,69
3350,69
3351,81
3352,223
3353,70
3354,57
3355,296
3356,46
3357,64
3358,87
3359,39
3360,66
3361,53
3362,97
3363,88
3364,58
3365,68
3366,89
3367,232
3368,351
3369,347
3370,64
3371,77
3372,39
3373,105
3374,226
3375,253
3376,64
3377,126
3378,90
3379,78
3380,183
3381,78
3382,104
3383,456
3384,145
3385,26
3386,46
3387,72
3388,124
3389,167
3390,88
3391,82
3392,83
3393,154
3394,132
3395,413
3396,71
3397,74
3398,32
3399,174
3400,466
3401,81
3402,74
3403,94
3404,53
3405,71
3406,74
3407,114
3408,67
3409,62
3410,313
3411,173
3412,98
3413,84
3414,51
3415,113
3416,47
3417,51
3418,86
3419,29
3420,48
3421,90
3422,262
3423,79
3424,52
3425,129
3426,55
3427,47
3428,83
3429,69
3430,56
3431,134
3432,296
3433,245
3434,74
3435,410
3436,60
3437,113
3438,82
3439,179
3440,56
3441,175
3442,25
3443,77
3444,190
3445,39
3446,73
3447,39
3448,115
3449,148
3450,42
3451,53
3452,51
3453,38
3454,57
3455,90
3456,130
3457,469
3458,47
3459,54
3460,81
3461,115
3462,66
3463,178
3464,55
3465,92
3466,116
3467,86
3468,57
3469,79
3470,89
3471,69
3472,90
3473,78
3474,211
3475,189
3476,120
3477,97
3478,120
3479,238
3480,182
3481,298
3482,77
3483,84
3484,26
3485,38
3486,121
3487,77
3488,64
3489,81
3490,87
3491,67
3492,233
3493,63
3494,34
3495,60
3496,77
3497,38
3498,158
3499,85
3500,78
3501,302
3502,114
3503,60
3504,75
3505,394
3506,105
3507,59
3508,212
3509,189
3510,520
3511,119
3512,50
3513,54
3514,332
3515,50
3516,120
3517,72
3518,77
3519,63
3520,107
3521,49
3522,37
3523,82
3524,85
3525,27
3526,84
3527,54
3528,79
3529,129
3530,83
3531,72
3532,94
3533,97
3534,71
3535,140
3536,535
3537,220
3538,65
3539,50
3540,96
3541,138
3542,87
3543,304
3544,55
3545,147
3546,47
3547,194
3548,50
3549,57
3550,83
3551,509
3552,36
3553,550
3554,110
3555,111
3556,239
3557,129
3558,67
3559,81
3560,169
3561,72
3562,270
3563,132
3564,86
3565,78
3566,105
3567,212
3568,119
3569,442
3570,59
3571,196
3572,118
3573,89
3574,76
3575,101
3576,63
3577,41
3578,73
3579,100
3580,55
3581,174
3582,62
3583,499
3584,24
3585,67
3586,83
3587,359
3588,128
3589,308
3590,75
3591,87
3592,36
3593,133
3594,169
3595,68
3596,60
3597,100
3598,106
3599,183
3600,62
3601,90
3602,90
3603,80
3604,34
3605,45
3606,106
3607,65
3608,301
3609,55
3610,54
3611,59
3612,79
3613,107
3614,94
3615,40
3616,80
3617,95
3618,66
3619,104
3620,375
3621,185
3622,44
3623,46
3624,496
3625,57
3626,83
3627,73
3628,372
3629,147
3630,82
3631,77
3632,57
3633,280
3634,95
3635,47
3636,121
3637,86
3638,87
3639,107
3640,43
3641,517
3642,572
3643,119
3644,136
3645,47
3646,134
3647,54
3648,334
3649,70
3650,88
3651,16
3652,187
3653,67
3654,221
3655,385
3656,72
3657,82
3658,39
3659,389
3660,78
3661,71
3662,100
3663,136
3664,222
3665,124
3666,70
3667,133
3668,95
3669,73
3670,98
3671,75
3672,58
3673,70
3674,69
3675,95
3676,117
3677,54
3678,93
3679,58
3680,362
3681,151
3682,40
3683,181
3684,51
3685,314
3686,112
3687,107
3688,32
3689,88
3690,186
3691,60
3692,64
3693,104
3694,337
3695,123
3696,58
3697,43
3698,136
3699,62
3700,83
3701,118
3702,330
3703,90
3704,164
3705,143
3706,89
3707,47
3708,124
3709,119
3710,38
3711,46
3712,34
3713,43
3714,25
3715,130
3716,86
3717,68
3718,75
3719,211
3720,62
3721,62
3722,78
3723,91
3724,81
3725,41
3726,84
3727,361
3728,111
3729,108
3730,89
3731,279
3732,72
3733,39
3734,73
3735,133
3736,400
3737,66
3738,47
3739,154
3740,132
3741,102
3742,62
3743,56
3744,41
3745,112
3746,34
3747,71
3748,423
3749,77
3750,83
3751,136
3752,57
3753,68
3754,89
3755,104
3756,153
3757,62
3758,58
3759,73
3760,59
3761,51
3762,250
3763,88
3764,91
3765,131
3766,41
3767,77
3768,78
3769,111
3770,241
3771,61
3772,94
3773,124
3774,79
3775,268
3776,57
3777,75
3778,59
3779,57
3780,74
3781,270
3782,89
3783,46
3784,340
3785,223
3786,76
3787,322
3788,50
3789,91
3790,122
3791,156
3792,319
3793,39
3794,46
3795,21
3796,62
3797,81
3798,101
3799,87
3800,113
3801,34
3802,73
3803,62
3804,74
3805,283
3806,269
3807,81
3808,69
3809,203
3810,95
3811,48
3812,83
3813,110
3814,122
3815,56
3816,44
3817,139
3818,81
3819,83
3820,138
3821,68
3822,209
3823,90
3824,46
3825,85
3826,61
3827,81
3828,72
3829,56
3830,96
3831,57
3832,365
3833,80
3834,71
3835,71
3836,80
3837,58
3838,53
3839,66
3840,85
3841,90
3842,50
3843,96
3844,381
3845,98
3846,52
3847,44
3848,332
3849,99
3850,71
3851,86
3852,61
3853,132
3854,61
3855,70
3856,57
3857,134
3858,64
3859,392
3860,241
3861,72
3862,92
3863,322
3864,258
3865,58
3866,91
3867,65
3868,86
3869,123
3870,58
3871,103
3872,52
3873,77
3874,298
3875,54
3876,95
3877,272
3878,200
3879,123
3880,91
3881,170
3882,358
3883,167
3884,106
3885,106
3886,91
3887,75
3888,93
3889,72
3890,42
3891,110
3892,371
3893,49
3894,65
3895,93
3896,42
3897,37
3898,397
3899,47
3900,120
3901,83
3902,60
3903,92
3904,65
3905,55
3906,48
3907,61
3908,112
3909,312
3910,59
3911,67
3912,331
3913,152
3914,203
3915,412
3916,78
3917,63
3918,94
3919,148
3920,91
3921,128
3922,155
3923,76
3924,120
3925,86
3926,395
3927,49
3928,80
3929,82
3930,80
3931,47
3932,154
3933,46
3934,77
3935,87
3936,195
3937,138
3938,62
3939,56
3940,35
3941,45
3942,444
3943,267
3944,66
3945,93
3946,158
3947,132
3948,115
3949,72
3950,68
3951,376
3952,90
3953,86
3954,136
3955,84
3956,74
3957,123
3958,82
3959,38
3960,178
3961,69
3962,80
3963,410
3964,86
3965,80
3966,132
3967,67
3968,63
3969,197
3970,135
3971,72
3972,70
3973,62
3974,154
3975,120
3976,69
3977,53
3978,77
3979,73
3980,69
3981,81
3982,244
3983,65
3984,218
3985,39
3986,534
3987,50
3988,51
3989,53
3990,49
3991,324
3992,84
3993,54
3994,47
3995,103
3996,569
3997,45
3998,76
3999,90
4000,205
4001,76
4002,93
4003,198
4004,656
4005,67
4006,46
4007,62
4008,91
4009,54
4010,372
4011,370
4012,58
4013,66
4014,77
4015,80
4016,148
4017,92
4018,34
4019,290
4020,93
4021,330
4022,210
4023,103
4024,40
4025,88
4026,161
4027,147
4028,368
4029,40
4030,91
4031,57
4032,138
4033,60
4034,87
4035,56
4036,96
4037,102
4038,41
4039,89
4040,64
4041,190
4042,35
4043,46
4044,91
4045,194
4046,55
4047,109
4048,143
4049,389
4050,77
4051,392
4052,472
4053,59
4054,378
4055,125
4056,318
4057,78
4058,76
4059,83
4060,46
4061,76
4062,388
4063,231
4064,192
4065,113
4066,100
4067,86
4068,52
4069,96
4070,66
4071,46
4072,267
4073,225
4074,73
4075,75
4076,54
4077,65
4078,71
4079,53
4080,77
4081,101
4082,102
4083,109
4084,107
4085,176
4086,75
4087,74
4088,476
4089,485
4090,126
4091,83
4092,171
4093,46
4094,56
4095,103
4096,119
4097,130
4098,68
4099,33
4100,149
4101,102
4102,90
4103,96
4104,78
4105,76
4106,72
4107,57
4108,89
4109,82
4110,413
4111,67
4112,86
4113,285
4114,52
4115,100
4116,125
4117,52
4118,86
4119,42
4120,132
4121,72
4122,62
4123,394
4124,105
4125,93
4126,60
4127,148
4128,34
4129,77
4130,85
4131,90
4132,78
4133,100
4134,198
4135,78
4136,70
4137,49
4138,441
4139,42
4140,109
4141,548
4142,57
4143,40
4144,115
4145,31
4146,66
4147,97
4148,370
4149,98
4150,70
4151,50
4152,93
4153,69
4154,33
4155,24
4156,391
4157,376
4158,203
4159,69
4160,36
4161,76
4162,47
4163,71
4164,59
4165,62
4166,85
4167,53
4168,91
4169,34
4170,71
4171,70
4172,70
4173,56
4174,101
4175,67
4176,70
4177,82
4178,68
4179,41
4180,120
4181,163
4182,35
4183,76
4184,498
4185,58
4186,72
4187,75
4188,75
4189,56
4190,331
4191,89
4192,37
4193,90
4194,97
4195,113
4196,145
4197,56
4198,343
4199,57
4200,425
4201,131
4202,108
4203,82
4204,369
4205,493
4206,56
4207,342
4208,449
4209,52
4210,80
4211,165
4212,109
4213,43
4214,83
4215,87
4216,79
4217,40
4218,147
4219,362
4220,51
4221,105
4222,496
4223,118
4224,71
4225,57
4226,88
4227,74
4228,150
4229,86
4230,114
4231,85
4232,69
4233,767
4234,67
4235,37
4236,167
4237,51
4238,55
4239,132
4240,121
4241,56
4242,89
4243,119
4244,86
4245,92
4246,69
4247,350
4248,53
4249,68
4250,64
4251,65
4252,97
4253,67
4254,115
4255,292
4256,66
4257,77
4258,55
4259,77
4260,77
4261,66
4262,187
4263,86
4264,68
4265,419
4266,42
4267,445
4268,247
4269,64
4270,141
4271,39
4272,71
4273,91
4274,111
4275,64
4276,70
4277,75
4278,101
4279,109
4280,82
4281,341
4282,87
4283,60
4284,85
4285,64
4286,424
4287,207
4288,104
4289,91
4290,86
4291,112
4292,105
4293,70
4294,65
4295,506
4296,97
4297,77
4298,65
4299,138
4300,43
4301,82
4302,38
4303,100
4304,113
4305,95
4306,68
4307,282
4308,143
4309,53
4310,144
4311,36
4312,517
4313,105
4314,122
4315,52
4316,321
4317,656
4318,64
4319,272
4320,340
4321,415
4322,60
4323,88
4324,102
4325,90
4326,72
4327,124
4328,58
4329,140
4330,313
4331,94
4332,45
4333,67
4334,48
4335,112
4336,143
4337,119
4338,90
4339,336
4340,73
4341,57
4342,56
4343,75
4344,256
4345,187
4346,107
4347,338
4348,66
4349,54
4350,51
4351,71
4352,90
4353,123
4354,100
4355,168
4356,68
4357,79
4358,105
4359,101
4360,83
4361,56
4362,83
4363,60
4364,124
4365,53
4366,78
4367,377
4368,345
4369,114
4370,416
4371,57
4372,149
4373,51
4374,112
4375,59
4376,70
4377,56
4378,111
4379,501
4380,425
4381,114
4382,100
4383,68
4384,82
4385,74
4386,65
4387,82
4388,98
4389,100
4390,108
4391,88
4392,79
4393,100
4394,78
4395,378
4396,78
4397,26
4398,72
4399,55
4400,94
4401,89
4402,55
4403,95
4404,98
4405,109
4406,117
4407,107
4408,59
4409,47
4410,59
4411,113
4412,72
4413,92
4414,84
4415,230
4416,357
4417,82
4418,160
4419,91
4420,346
4421,136
4422,92
4423,91
4424,55
4425,118
4426,144
4427,138
4428,53
4429,59
4430,43
4431,47
4432,49
4433,469
4434,130
4435,89
4436,125
4437,146
4438,131
4439,496
4440,85
4441,237
4442,84
4443,53
4444,38
4445,88
4446,141
4447,42
4448,350
4449,46
4450,60
4451,58
4452,64
4453,96
4454,73
4455,337
4456,96
4457,212
4458,69
4459,105
4460,71
4461,92
4462,110
4463,68
4464,316
4465,93
4466,56
4467,38
4468,285
4469,86
4470,102
4471,97
4472,67
4473,46
4474,362
4475,56
4476,51
4477,74
4478,66
4479,265
4480,103
4481,478
4482,195
4483,84
4484,71
4485,53
4486,225
4487,78
4488,263
4489,50
4490,100
4491,54
4492,429
4493,457
4494,72
4495,107
4496,191
4497,61
4498,87
4499,48
4500,60
4501,271
4502,64
4503,62
4504,73
4505,94
4506,82
4507,109
4508,110
4509,46
4510,45
4511,129
4512,112
4513,398
4514,74
4515,110
4516,94
4517,398
4518,52
4519,121
4520,63
4521,110
4522,62
4523,78
4524,207
4525,99
4526,101
4527,27
4528,62
4529,96
4530,114
4531,65
4532,36
4533,472
4534,100
4535,46
4536,50
4537,79
4538,416
4539,184
4540,93
4541,50
4542,93
4543,72
4544,406
4545,168
4546,62
4547,132
4548,88
4549,71
4550,108
4551,483
4552,121
4553,59
4554,99
4555,51
4556,67
4557,58
4558,362
4559,97
4560,165
4561,92
4562,65
4563,130
4564,92
4565,85
4566,193
4567,54
4568,130
4569,384
4570,35
4571,120
4572,84
4573,96
4574,53
4575,98
4576,63
4577,526
4578,62
4579,52
4580,62
4581,110
4582,109
4583,70
4584,71
4585,44
4586,28
4587,197
4588,73
4589,63
4590,78
4591,78
4592,66
4593,40
4594,152
4595,60
4596,386
4597,66
4598,125
4599,187
4600,202
4601,88
4602,266
4603,124
4604,92
4605,322
4606,94
4607,51
4608,279
4609,165
4610,137
4611,108
4612,83
4613,67
4614,83
4615,121
4616,348
4617,364
4618,95
4619,96
4620,434
4621,74
4622,187
4623,459
4624,133
4625,45
4626,94
4627,363
4628,50
4629,55
4630,230
4631,109
4632,111
4633,75
4634,227
4635,126
4636,40
4637,129
4638,70
4639,73
4640,413
4641,85
4642,132
4643,53
4644,65
4645,442
4646,134
4647,61
4648,40
4649,344
4650,40
4651,158
4652,71
4653,68
4654,38
4655,79
4656,130
4657,55
4658,387
4659,61
4660,147
4661,96
4662,136
4663,26
4664,113
4665,59
4666,99
4667,77
4668,67
4669,122
4670,107
4671,174
4672,73
4673,147
4674,82
4675,305
4676,67
4677,152
4678,63
4679,50
4680,45
4681,110
4682,364
4683,87
4684,78
4685,93
4686,21
4687,84
4688,124
4689,60
4690,282
4691,77
4692,58
4693,70
4694,103
4695,77
4696,109
4697,199
4698,74
4699,120
4700,63
4701,85
4702,161
4703,281
4704,125
4705,63
4706,82
4707,112
4708,77
4709,32
4710,76
4711,87
4712,77
4713,53
4714,116
4715,101
4716,433
4717,374
4718,77
4719,90
4720,95
4721,79
4722,65
4723,57
4724,129
4725,61
4726,63
4727,77
4728,465
4729,85
4730,73
4731,139
4732,69
4733,96
4734,126
4735,116
4736,260
4737,64
4738,57
4739,86
4740,37
4741,439
4742,102
4743,84
4744,405
4745,41
4746,195
4747,393
4748,59
4749,77
4750,311
4751,85
4752,96
4753,81
4754,82
4755,64
4756,157
4757,48
4758,475
4759,462
4760,432
4761,63
4762,82
4763,59
4764,53
4765,85
4766,92
4767,121
4768,42
4769,339
4770,68
4771,156
4772,100
4773,99
4774,42
4775,113
4776,47
4777,88
4778,82
4779,89
4780,69
4781,54
4782,85
4783,106
4784,64
4785,371
4786,102
4787,49
4788,269
4789,86
4790,43
4791,321
4792,317
4793,373
4794,484
4795,36
4796,57
4797,20
4798,71
4799,48
4800,117
4801,378
4802,60
4803,68
4804,181
4805,142
4806,89
4807,56
4808,470
4809,61
4810,249
4811,141
4812,421
4813,137
4814,79
4815,39
4816,206
4817,71
4818,358
4819,121
4820,100
4821,51
4822,48
4823,506
4824,61
4825,38
4826,62
4827,43
4828,72
4829,36
4830,34
4831,83
4832,88
4833,63
4834,313
4835,84
4836,76
4837,66
4838,93
4839,65
4840,79
4841,108
4842,84
4843,47
4844,67
4845,83
4846,202
4847,92
4848,90
4849,53
4850,84
4851,310
4852,402
4853,210
4854,64
4855,27
4856,52
4857,63
4858,45
4859,72
4860,99
4861,232
4862,63
4863,56
4864,57
4865,95
4866,182
4867,130
4868,131
4869,59
4870,108
4871,91
4872,62
4873,46
4874,99
4875,90
4876,100
4877,95
4878,57
4879,56
4880,58
4881,298
4882,426
4883,85
4884,84
4885,70
4886,378
4887,58
4888,460
4889,119
4890,99
4891,66
4892,333
4893,122
4894,54
4895,424
4896,81
4897,66
4898,296
4899,95
4900,39
4901,69
4902,83
4903,74
4904,58
4905,60
4906,85
4907,80
4908,31
4909,234
4910,67
4911,55
4912,117
4913,58
4914,270
4915,212
4916,61
4917,127
4918,63
4919,68
4920,141
4921,21
4922,41
4923,92
4924,45
4925,136
4926,86
4927,54
4928,84
4929,58
4930,75
4931,27
4932,85
4933,71
4934,64
4935,35
4936,68
4937,49
4938,88
4939,55
4940,370
4941,43
4942,118
4943,88
4944,102
4945,109
4946,46
4947,50
4948,249
4949,57
4950,76
4951,280
4952,72
4953,116
4954,431
4955,49
4956,61
4957,45
4958,94
4959,153
4960,47
4961,137
4962,27
4963,118
4964,82
4965,172
4966,47
4967,349
4968,52
4969,40
4970,483
4971,46
4972,54
4973,61
4974,217
4975,53
4976,98
4977,80
4978,50
4979,72
4980,70
4981,65
4982,94
4983,292
4984,87
4985,126
4986,79
4987,119
4988,98
4989,51
4990,82
4991,73
4992,67
4993,43
4994,66
4995,49
4996,119
4997,91
4998,82
4999,107
5000,142
5001,306
5002,300
5003,80
5004,90
5005,196
5006,41
5007,72
5008,137
5009,66
5010,25
5011,67
5012,103
5013,59
5014,49
5015,82
5016,55
5017,76
5018,72
5019,49
5020,50
5021,341
5022,64
5023,141
5024,76
5025,376
5026,127
5027,133
5028,81
5029,123
5030,328
5031,62
5032,68
5033,68
5034,261
5035,107
5036,160
5037,78
5038,64
5039,135
5040,453
5041,121
5042,78
5043,82
5044,81
5045,117
5046,99
5047,51
5048,42
5049,198
5050,114
5051,96
5052,199
5053,48
5054,103
5055,194
5056,438
5057,75
5058,202
5059,301
5060,110
5061,76
5062,73
5063,86
5064,84
5065,43
5066,69
5067,71
5068,37
5069,132
5070,38
5071,109
5072,125
5073,93
5074,158
5075,117
5076,113
5077,357
5078,263
5079,49
5080,537
5081,79
5082,77
5083,34
5084,82
5085,101
5086,305
5087,82
5088,104
5089,61
5090,76
5091,68
5092,66
5093,120
5094,88
5095,82
5096,122
5097,77
5098,43
5099,53
5100,405
5101,74
5102,274
5103,79
5104,44
5105,100
5106,87
5107,58
5108,330
5109,227
5110,54
5111,115
5112,85
5113,25
5114,92
5115,76
5116,80
5117,131
5118,70
5119,28
5120,59
5121,460
5122,41
5123,50
5124,66
5125,339
5126,144
5127,246
5128,113
5129,102
5130,73
5131,68
5132,64
5133,328
5134,164
5135,483
5136,54
5137,65
5138,121
5139,109
5140,63
5141,43
5142,406
5143,41
5144,77
5145,52
5146,268
5147,89
5148,60
5149,151
5150,137
5151,21
5152,88
5153,67
5154,452
5155,52
5156,80
5157,184
5158,91
5159,73
5160,117
5161,43
5162,88
5163,107
5164,111
5165,48
5166,75
5167,65
5168,66
5169,49
5170,628
5171,47
5172,51
5173,78
5174,116
5175,36
5176,57
5177,45
5178,66
5179,89
5180,387
5181,41
5182,77
5183,68
5184,415
5185,85
5186,107
5187,71
5188,46
5189,88
5190,30
5191,392
5192,233
5193,341
5194,76
5195,74
5196,64
5197,185
5198,353
5199,100
5200,115
5201,46
5202,47
5203,50
5204,226
5205,93
5206,94
5207,166
5208,65
5209,64
5210,50
5211,56
5212,84
5213,46
5214,66
5215,66
5216,119
5217,116
5218,180
5219,338
5220,83
5221,471
5222,110
5223,183
5224,76
5225,117
5226,60
5227,98
5228,50
5229,237
5230,88
5231,152
5232,114
5233,96
5234,206
5235,86
5236,46
5237,89
5238,201
5239,184
5240,78
5241,69
5242,98
5243,49
5244,79
5245,90
5246,94
5247,228
5248,72
5249,136
5250,29
5251,94
5252,97
5253,150
5254,323
5255,83
5256,49
5257,90
5258,327
5259,78
5260,85
5261,32
5262,97
5263,36
5264,115
5265,79
5266,80
5267,55
5268,54
5269,101
5270,143
5271,77
5272,154
5273,55
5274,300
5275,46
5276,92
5277,57
5278,101
5279,63
5280,38
5281,100
5282,62
5283,56
5284,44
5285,92
5286,67
5287,141
5288,57
5289,93
5290,484
5291,48
5292,117
5293,56
5294,64
5295,140
5296,335
5297,180
5298,92
5299,178
5300,514
5301,84
5302,86
5303,83
5304,81
5305,74
5306,325
5307,48
5308,48
5309,115
5310,172
5311,61
5312,67
5313,54
5314,207
5315,68
5316,128
5317,108
5318,109
5319,82
5320,94
5321,101
5322,80
5323,75
5324,89
5325,64
5326,42
5327,73
5328,136
5329,75
5330,70
5331,47
5332,483
5333,57
5334,78
5335,97
5336,66
5337,84
5338,164
5339,143
5340,74
5341,91
5342,119
5343,266
5344,72
5345,47
5346,99
5347,204
5348,80
5349,94
5350,52
5351,507
5352,66
5353,361
5354,88
5355,166
5356,296
5357,52
5358,333
5359,169
5360,325
5361,139
5362,65
5363,68
5364,80
5365,68
5366,176
5367,64
5368,90
5369,479
5370,156
5371,60
5372,110
5373,439
5374,27
5375,70
5376,80
5377,90
5378,68
5379,92
5380,103
5381,78
5382,80
5383,83
5384,47
5385,63
5386,88
5387,64
5388,38
5389,103
5390,116
5391,41
5392,35
5393,376
5394,349
5395,78
5396,60
5397,222
5398,42
5399,102
5400,80
5401,80
5402,101
5403,499
5404,223
5405,99
5406,130
5407,83
5408,107
5409,45
5410,335
5411,46
5412,65
5413,338
5414,434
5415,44
5416,68
5417,64
5418,42
5419,104
5420,20
5421,125
5422,170
5423,426
5424,55
5425,128
5426,80
5427,150
5428,57
5429,97
5430,86
5431,84
5432,58
5433,155
5434,368
5435,106
5436,72
5437,83
5438,366
5439,57
5440,95
5441,138
5442,66
5443,112
5444,63
5445,62
5446,67
5447,79
5448,81
5449,100
5450,39
5451,73
5452,158
5453,72
5454,101
5455,75
5456,100
5457,98
5458,74
5459,33
5460,465
5461,106
5462,117
5463,74
5464,163
5465,32
5466,116
5467,76
5468,109
5469,30
5470,78
5471,70
5472,200
5473,164
5474,106
5475,60
5476,42
5477,446
5478,164
5479,189
5480,93
5481,59
5482,150
5483,87
5484,105
5485,106
5486,140
5487,43
5488,71
5489,129
5490,71
5491,63
5492,94
5493,40
5494,75
5495,43
5496,89
5497,128
5498,65
5499,56
5500,105
5501,71
5502,217
5503,94
5504,88
5505,52
5506,237
5507,98
5508,64
5509,73
5510,80
5511,53
5512,105
5513,91
5514,96
5515,80
5516,64
5517,334
5518,76
5519,79
5520,47
5521,77
5522,83
5523,153
5524,100
5525,84
5526,372
5527,177
5528,78
5529,400
5530,135
5531,75
5532,58
5533,64
5534,93
5535,110
5536,56
5537,113
5538,62
5539,99
5540,414
5541,64
5542,57
5543,122
5544,81
5545,268
5546,101
5547,62
5548,93
5549,96
5550,132
5551,69
5552,167
5553,102
5554,86
5555,65
5556,24
5557,35
5558,88
5559,73
5560,21
5561,24
5562,327
5563,516
5564,59
5565,107
5566,76
5567,78
5568,212
5569,81
5570,52
5571,87
5572,54
5573,72
5574,104
5575,485
5576,408
5577,71
5578,103
5579,118
5580,57
5581,73
5582,295
5583,74
5584,66
5585,379
5586,102
5587,56
5588,48
5589,29
5590,103
5591,64
5592,60
5593,478
5594,88
5595,83
5596,340
5597,45
5598,134
5599,45
5600,55
5601,83
5602,193
5603,56
5604,57
5605,80
5606,70
5607,41
5608,69
5609,487
5610,84
5611,434
5612,67
5613,99
5614,163
5615,119
5616,54
5617,120
5618,94
5619,194
5620,73
5621,404
5622,71
5623,155
5624,132
5625,108
5626,92
5627,71
5628,87
5629,58
5630,89
5631,62
5632,136
5633,72
5634,37
5635,86
5636,27
5637,82
5638,265
5639,58
5640,91
5641,71
5642,157
5643,81
5644,44
5645,69
5646,348
5647,107
5648,258
5649,107
5650,195
5651,144
5652,302
5653,117
5654,83
5655,58
5656,44
5657,72
5658,94
5659,446
5660,58
5661,394
5662,105
5663,100
5664,74
5665,64
5666,115
5667,150
5668,171
5669,63
5670,61
5671,65
5672,75
5673,105
5674,138
5675,368
5676,86
5677,71
5678,162
5679,87
5680,58
5681,82
5682,104
5683,187
5684,173
5685,141
5686,95
5687,83
5688,95
5689,131
5690,125
5691,68
5692,278
5693,37
5694,72
5695,28
5696,426
5697,83
5698,315
5699,79
5700,78
5701,66
5702,85
5703,185
5704,131
5705,68
5706,52
5707,71
5708,63
5709,35
5710,36
5711,102
5712,320
5713,54
5714,92
5715,79
5716,53
5717,103
5718,89
5719,53
5720,82
5721,61
5722,106
5723,56
5724,65
5725,71
5726,55
5727,157
5728,53
5729,133
5730,85
5731,77
5732,119
5733,54
5734,109
5735,82
5736,217
5737,379
5738,95
5739,60
5740,84
5741,68
5742,113
5743,67
5744,92
5745,83
5746,81
5747,154
5748,101
5749,88
5750,86
5751,62
5752,82
5753,388
5754,108
5755,48
5756,139
5757,54
5758,293
5759,76
5760,64
5761,87
5762,59
5763,84
5764,46
5765,82
5766,121
5767,131
5768,64
5769,176
5770,91
5771,53
5772,42
5773,50
5774,98
5775,311
5776,82
5777,95
5778,77
5779,240
5780,81
5781,127
5782,450
5783,101
5784,62
5785,70
5786,67
5787,68
5788,78
5789,154
5790,95
5791,50
5792,76
5793,45
5794,149
5795,56
5796,118
5797,126
5798,63
5799,81
5800,237
5801,113
5802,77
5803,140
5804,61
5805,40
5806,80
5807,83
5808,229
5809,63
5810,69
5811,55
5812,60
5813,92
5814,72
5815,153
5816,129
5817,62
5818,48
5819,83
5820,65
5821,120
5822,122
5823,50
5824,266
5825,189
5826,72
5827,54
5828,307
5829,82
5830,54
5831,109
5832,96
5833,82
5834,157
5835,373
5836,119
5837,334
5838,64
5839,86
5840,169
5841,88
5842,106
5843,57
5844,45
5845,363
5846,64
5847,77
5848,126
5849,63
5850,116
5851,139
5852,87
5853,76
5854,97
5855,73
5856,126
5857,104
5858,107
5859,65
5860,68
5861,82
5862,53
5863,109
5864,96
5865,61
5866,53
5867,88
5868,432
5869,313
5870,86
5871,43
5872,71
5873,303
5874,307
5875,49
5876,40
5877,171
5878,94
5879,60
5880,72
5881,105
5882,35
5883,81
5884,102
5885,79
5886,67
5887,23
5888,67
5889,34
5890,62
5891,48
5892,121
5893,99
5894,116
5895,69
5896,45
5897,46
5898,83
5899,65
5900,96
5901,51
5902,356
5903,88
5904,189
5905,42
5906,360
5907,330
5908,35
5909,108
5910,176
5911,70
5912,104
5913,149
5914,112
5915,343
5916,57
5917,71
5918,141
5919,57
5920,142
5921,66
5922,90
5923,75
5924,109
5925,42
5926,69
5927,86
5928,61
5929,37
5930,80
5931,298
5932,65
5933,201
5934,345
5935,20
5936,47
5937,359
5938,230
5939,46
5940,87
5941,180
5942,53
5943,72
5944,85
5945,111
5946,77
5947,102
5948,59
5949,148
5950,115
5951,80
5952,43
5953,36
5954,88
5955,52
5956,35
5957,349
5958,171
5959,417
5960,85
5961,65
5962,119
5963,467
5964,46
5965,71
5966,57
5967,92
5968,79
5969,47
5970,596
5971,25
5972,119
5973,83
5974,164
5975,108
5976,78
5977,103
5978,61
5979,84
5980,69
5981,400
5982,65
5983,23
5984,71
5985,86
5986,127
5987,55
5988,62
5989,384
5990,70
5991,68
5992,105
5993,114
5994,42
5995,178
5996,385
5997,63
5998,386
5999,198
6000,161
6001,104
6002,105
6003,54
6004,68
6005,149
6006,113
6007,98
6008,82
6009,94
6010,50
6011,84
6012,55
6013,322
6014,87
6015,303
6016,82
6017,54
6018,110
6019,65
6020,158
6021,43
6022,160
6023,50
6024,73
6025,102
6026,75
6027,72
6028,105
6029,66
6030,471
6031,60
6032,71
6033,71
6034,69
6035,63
6036,64
6037,59
6038,73
6039,239
6040,100
6041,140
6042,300
6043,131
6044,67
6045,55
6046,61
6047,183
6048,75
6049,143
6050,82
6051,79
6052,48
6053,77
6054,57
6055,118
6056,347
6057,354
6058,55
6059,73
6060,105
6061,203
6062,69
6063,54
6064,72
6065,71
6066,191
6067,475
6068,45
6069,54
6070,51
6071,60
6072,83
6073,85
6074,258
6075,49
6076,87
6077,80
6078,40
6079,82
6080,85
6081,111
6082,92
6083,37
6084,270
6085,78
6086,77
6087,37
6088,67
6089,90
6090,91
6091,52
6092,36
6093,177
6094,457
6095,69
6096,141
6097,302
6098,122
6099,91
6100,260
6101,38
6102,75
6103,46
6104,278
6105,132
6106,194
6107,91
6108,101
6109,456
6110,55
6111,106
6112,244
6113,81
6114,116
6115,201
6116,142
6117,132
6118,171
6119,88
6120,86
6121,50
6122,84
6123,93
6124,140
6125,85
6126,59
6127,70
6128,81
6129,93
6130,87
6131,144
6132,263
6133,72
6134,143
6135,66
6136,61
6137,120
6138,61
6139,177
6140,151
6141,86
6142,126
6143,35
6144,126
6145,65
6146,78
6147,63
6148,55
6149,351
6150,101
6151,80
6152,72
6153,53
6154,83
6155,96
6156,405
6157,96
6158,150
6159,97
6160,51
6161,64
6162,216
6163,80
6164,53
6165,58
6166,160
6167,74
6168,128
6169,96
6170,240
6171,59
6172,80
6173,160
6174,49
6175,43
6176,55
6177,51
6178,169
6179,175
6180,82
6181,83
6182,104
6183,80
6184,123
6185,52
6186,92
6187,100
6188,288
6189,93
6190,96
6191,70
6192,73
6193,77
6194,49
6195,390
6196,102
6197,79
6198,85
6199,491
6200,64
6201,79
6202,46
6203,49
6204,52
6205,61
6206,58
6207,71
6208,47
6209,76
6210,110
6211,121
6212,67
6213,89
6214,414
6215,159
6216,101
6217,109
6218,63
6219,415
6220,293
6221,106
6222,76
6223,47
6224,142
6225,68
6226,83
6227,67
6228,55
6229,221
6230,82
6231,110
6232,38
6233,70
6234,63
6235,306
6236,392
6237,65
6238,286
6239,69
6240,110
6241,40
6242,74
6243,102
6244,81
6245,108
6246,65
6247,81
6248,59
6249,52
6250,63
6251,129
6252,91
6253,65
6254,262
6255,96
6256,61
6257,51
6258,440
6259,77
6260,255
6261,54
6262,109
6263,113
6264,27
6265,35
6266,169
6267,67
6268,60
6269,135
6270,162
6271,45
6272,54
6273,267
6274,491
6275,114
6276,99
6277,82
6278,89
6279,68
6280,391
6281,84
6282,75
6283,279
6284,119
6285,473
6286,123
6287,73
6288,49
6289,428
6290,65
6291,305
6292,59
6293,48
6294,109
6295,75
6296,73
6297,107
6298,90
6299,393
6300,127
6301,146
6302,52
6303,433
6304,89
6305,64
6306,104
6307,84
6308,155
6309,195
6310,253
6311,91
6312,110
6313,170
6314,69
6315,276
6316,57
6317,59
6318,31
6319,148
6320,210
6321,71
6322,111
6323,47
6324,110
6325,463
6326,50
6327,365
6328,85
6329,82
6330,82
6331,61
6332,318
6333,59
6334,220
6335,49
6336,67
6337,320
6338,80
6339,99
6340,800
6341,53
6342,74
6343,98
6344,73
6345,85
6346,66
6347,85
6348,78
6349,60
6350,96
6351,41
6352,82
6353,88
6354,46
6355,57
6356,84
6357,73
6358,62
6359,86
6360,93
6361,69
6362,105
6363,132
6364,219
6365,85
6366,65
6367,453
6368,285
6369,78
6370,313
6371,68
6372,176
6373,55
6374,28
6375,161
6376,73
6377,294
6378,69
6379,90
6380,378
6381,376
6382,82
6383,275
6384,76
6385,135
6386,62
6387,61
6388,293
6389,129
6390,43
6391,122
6392,84
6393,60
6394,67
6395,71
6396,224
6397,345
6398,99
6399,90
6400,55
6401,97
6402,92
6403,384
6404,100
6405,84
6406,52
6407,393
6408,121
6409,120
6410,70
6411,41
6412,86
6413,401
6414,154
6415,304
6416,44
6417,106
6418,78
6419,76
6420,98
6421,62
6422,87
6423,56
6424,79
6425,491
6426,74
6427,66
6428,84
6429,116
6430,141
6431,59
6432,271
6433,53
6434,430
6435,83
6436,104
6437,74
6438,74
6439,129
6440,66
6441,65
6442,65
6443,161
6444,48
6445,39
6446,392
6447,68
6448,47
6449,100
6450,79
6451,101
6452,45
6453,78
6454,188
6455,38
6456,38
6457,35
6458,37
6459,114
6460,81
6461,55
6462,204
6463,55
6464,155
6465,56
6466,76
6467,52
6468,35
6469,152
6470,56
6471,57
6472,128
6473,107
6474,588
6475,415
6476,116
6477,307
6478,69
6479,68
6480,31
6481,148
6482,102
6483,217
6484,90
6485,53
6486,120
6487,263
6488,77
6489,63
6490,70
6491,282
6492,60
6493,56
6494,102
6495,18
6496,95
6497,86
6498,72
6499,219
6500,48
6501,59
6502,408
6503,170
6504,107
6505,194
6506,109
6507,92
6508,64
6509,100
6510,82
6511,105
6512,93
6513,154
6514,46
6515,376
6516,36
6517,60
6518,45
6519,101
6520,140
6521,105
6522,350
6523,395
6524,65
6525,78
6526,98
6527,90
6528,69
6529,97
6530,68
6531,78
6532,332
6533,133
6534,149
6535,366
6536,123
6537,488
6538,306
6539,112
6540,83
6541,466
6542,140
6543,193
6544,159
6545,89
6546,95
6547,97
6548,64
6549,108
6550,107
6551,81
6552,48
6553,128
6554,62
6555,310
6556,115
6557,44
6558,42
6559,192
6560,93
6561,49
6562,103
6563,74
6564,93
6565,340
6566,150
6567,113
6568,40
6569,74
6570,142
6571,168
6572,153
6573,74
6574,65
6575,119
6576,75
6577,413
6578,77
6579,90
6580,112
6581,329
6582,51
6583,106
6584,49
6585,97
6586,67
6587,61
6588,89
6589,55
6590,82
6591,35
6592,65
6593,74
6594,91
6595,173
6596,428
6597,260
6598,77
6599,67
6600,181
6601,70
6602,346
6603,52
6604,53
6605,90
6606,190
6607,72
6608,327
6609,53
6610,410
6611,35
6612,421
6613,161
6614,50
6615,49
6616,86
6617,85
6618,73
6619,61
6620,66
6621,32
6622,95
6623,48
6624,55
6625,65
6626,71
6627,105
6628,444
6629,206
6630,84
6631,112
6632,119
6633,75
6634,134
6635,70
6636,77
6637,256
6638,75
6639,109
6640,96
6641,25
6642,41
6643,66
6644,101
6645,152
6646,52
6647,72
6648,336
6649,84
6650,93
6651,95
6652,65
6653,54
6654,294
6655,25
6656,116
6657,45
6658,100
6659,104
6660,86
6661,81
6662,57
6663,66
6664,77
6665,78
6666,30
6667,74
6668,64
6669,204
6670,106
6671,55
6672,71
6673,115
6674,20
6675,68
6676,57
6677,54
6678,85
6679,70
6680,104
6681,81
6682,57
6683,80
6684,121
6685,78
6686,58
6687,61
6688,118
6689,28
6690,420
6691,302
6692,88
6693,78
6694,112
6695,63
6696,307
6697,79
6698,99
6699,103
6700,55
6701,114
6702,63
6703,75
6704,122
6705,74
6706,159
6707,73
6708,99
6709,129
6710,67
6711,150
6712,73
6713,89
6714,96
6715,80
6716,63
6717,378
6718,87
6719,83
6720,589
6721,70
6722,66
6723,73
6724,275
6725,264
6726,38
6727,132
6728,58
6729,123
6730,89
6731,58
6732,166
6733,53
6734,65
6735,145
6736,58
6737,72
6738,82
6739,65
6740,183
6741,168
6742,94
6743,85
6744,85
6745,47
6746,176
6747,116
6748,48
6749,55
6750,66
6751,69
6752,64
6753,88
6754,261
6755,346
6756,469
6757,90
6758,91
6759,59
6760,257
6761,24
6762,91
6763,52
6764,70
6765,157
6766,56
6767,62
6768,117
6769,104
6770,54
6771,50
6772,100
6773,105
6774,46
6775,70
6776,39
6777,69
6778,76
6779,47
6780,40
6781,402
6782,137
6783,123
6784,126
6785,141
6786,69
6787,59
6788,268
6789,500
6790,48
6791,69
6792,140
6793,152
6794,69
6795,130
6796,196
6797,46
6798,78
6799,87
6800,217
6801,440
6802,71
6803,116
6804,356
6805,96
6806,27
6807,167
6808,105
6809,67
6810,74
6811,127
6812,55
6813,87
6814,60
6815,150
6816,65
6817,96
6818,387
6819,95
6820,49
6821,45
6822,87
6823,52
6824,104
6825,65
6826,87
6827,105
6828,140
6829,55
6830,78
6831,86
6832,44
6833,202
6834,82
6835,194
6836,45
6837,202
6838,106
6839,127
6840,55
6841,81
6842,35
6843,45
6844,490
6845,75
6846,78
6847,393
6848,86
6849,74
6850,76
6851,223
6852,68
6853,132
6854,62
6855,175
6856,98
6857,70
6858,81
6859,117
6860,98
6861,101
6862,69
6863,470
6864,104
6865,30
6866,45
6867,144
6868,132
6869,475
6870,74
6871,103
6872,122
6873,70
6874,440
6875,103
6876,34
6877,110
6878,185
6879,89
6880,54
6881,63
6882,55
6883,115
6884,57
6885,104
6886,121
6887,142
6888,63
6889,106
6890,25
6891,461
6892,93
6893,49
6894,132
6895,295
6896,76
6897,31
6898,130
6899,79
6900,102
6901,52
6902,258
6903,171
6904,135
6905,190
6906,58
6907,75
6908,50
6909,82
6910,98
6911,323
6912,78
6913,73
6914,163
6915,88
6916,205
6917,482
6918,65
6919,203
6920,91
6921,429
6922,60
6923,35
6924,371
6925,36
6926,91
6927,348
6928,36
6929,134
6930,58
6931,335
6932,70
6933,70
6934,382
6935,65
6936,91
6937,59
6938,71
6939,66
6940,131
6941,82
6942,85
6943,72
6944,89
6945,61
6946,75
6947,863
6948,242
6949,52
6950,83
6951,93
6952,56
6953,253
6954,76
6955,59
6956,83
6957,177
6958,457
6959,76
6960,130
6961,181
6962,72
6963,90
6964,86
6965,57
6966,113
6967,37
6968,133
6969,49
6970,111
6971,82
6972,182
6973,83
6974,51
6975,33
6976,34
6977,42
6978,74
6979,383
6980,91
6981,114
6982,67
6983,79
6984,114
6985,71
6986,60
6987,67
6988,41
6989,52
6990,54
6991,116
6992,393
6993,110
6994,336
6995,41
6996,59
6997,80
6998,303
6999,58
7000,181
7001,53
7002,119
7003,316
7004,78
7005,59
7006,82
7007,85
7008,92
7009,76
7010,91
7011,101
7012,132
7013,25
7014,205
7015,122
7016,49
7017,361
7018,60
7019,63
7020,122
7021,76
7022,71
7023,85
7024,85
7025,60
7026,77
7027,54
7028,87
7029,77
7030,82
7031,47
7032,87
7033,80
7034,58
7035,120
7036,75
7037,500
7038,66
7039,115
7040,59
7041,233
7042,51
7043,96
7044,87
7045,315
7046,83
7047,148
7048,408
7049,26
7050,56
7051,65
7052,47
7053,78
7054,71
7055,56
7056,89
7057,90
7058,349
7059,89
7060,68
7061,54
7062,50
7063,100
7064,49
7065,116
7066,54
7067,146
7068,41
7069,42
7070,60
7071,74
7072,76
7073,91
7074,43
7075,57
7076,156
7077,106
7078,76
7079,59
7080,68
7081,66
7082,301
7083,96
7084,70
7085,181
7086,181
7087,62
7088,431
7089,69
7090,59
7091,44
7092,78
7093,48
7094,358
7095,91
7096,54
7097,86
7098,51
7099,75
7100,86
7101,73
7102,119
7103,171
7104,309
7105,65
7106,62
7107,109
7108,421
7109,65
7110,103
7111,66
7112,67
7113,94
7114,96
7115,67
7116,54
7117,64
7118,332
7119,80
7120,102
7121,76
7122,100
7123,46
7124,79
7125,50
7126,112
7127,72
7128,40
7129,35
7130,21
7131,105
7132,52
7133,112
7134,44
7135,76
7136,95
7137,53
7138,95
7139,113
7140,116
7141,79
7142,107
7143,84
7144,114
7145,78
7146,41
7147,71
7148,97
7149,72
7150,74
7151,57
7152,34
7153,56
7154,261
7155,70
7156,296
7157,93
7158,114
7159,51
7160,97
7161,72
7162,76
7163,95
7164,76
7165,153
7166,58
7167,95
7168,61
7169,203
7170,84
7171,43
7172,351
7173,70
7174,91
7175,70
7176,54
7177,39
7178,209
7179,56
7180,104
7181,79
7182,377
7183,129
7184,77
7185,93
7186,39
7187,58
7188,120
7189,80
7190,86
7191,58
7192,90
7193,78
7194,100
7195,486
7196,424
7197,106
7198,75
7199,94
7200,110
7201,136
7202,125
7203,55
7204,107
7205,83
7206,135
7207,381
7208,353
7209,312
7210,90
7211,54
7212,76
7213,175
7214,116
7215,466
7216,394
7217,450
7218,77
7219,97
7220,67
7221,142
7222,77
7223,43
7224,48
7225,109
7226,448
7227,102
7228,125
7229,98
7230,43
7231,118
7232,257
7233,144
7234,85
7235,67
7236,88
7237,82
7238,87
7239,81
7240,65
7241,84
7242,162
7243,64
7244,194
7245,45
7246,94
7247,86
7248,132
7249,202
7250,85
7251,135
7252,34
7253,86
7254,248
7255,61
7256,73
7257,69
7258,109
7259,58
7260,633
7261,145
7262,62
7263,311
7264,55
7265,113
7266,76
7267,40
7268,92
7269,60
7270,94
7271,63
7272,44
7273,86
7274,39
7275,99
7276,261
7277,309
7278,143
7279,96
7280,104
7281,95
7282,58
7283,83
7284,103
7285,87
7286,85
7287,127
7288,74
7289,88
7290,79
7291,73
7292,77
7293,68
7294,144
7295,47
7296,82
7297,117
7298,83
7299,70
7300,76
7301,62
7302,414
7303,77
7304,57
7305,68
7306,57
7307,64
7308,110
7309,557
7310,47
7311,153
7312,132
7313,48
7314,69
7315,334
7316,49
7317,45
7318,308
7319,135
7320,85
7321,111
7322,183
7323,78
7324,46
7325,135
7326,66
7327,24
7328,91
7329,97
7330,68
7331,47
7332,61
7333,65
7334,70
7335,94
7336,123
7337,34
7338,109
7339,98
7340,548
7341,70
7342,74
7343,110
7344,45
7345,468
7346,79
7347,165
7348,57
7349,71
7350,167
7351,124
7352,116
7353,60
7354,52
7355,185
7356,30
7357,98
7358,62
7359,82
7360,233
7361,335
7362,302
7363,96
7364,78
7365,66
7366,184
7367,199
7368,148
7369,103
7370,50
7371,168
7372,92
7373,71
7374,101
7375,48
7376,163
7377,192
7378,153
7379,50
7380,38
7381,73
7382,101
7383,73
7384,110
7385,74
7386,66
7387,80
7388,102
7389,63
7390,85
7391,460
7392,61
7393,166
7394,286
7395,94
7396,71
7397,77
7398,267
7399,61
7400,71
7401,98
7402,113
7403,387
7404,20
7405,98
7406,120
7407,55
7408,51
7409,107
7410,63
7411,241
7412,75
7413,68
7414,98
7415,99
7416,80
7417,67
7418,127
7419,49
7420,534
7421,117
7422,70
7423,126
7424,87
7425,389
7426,62
7427,43
7428,89
7429,351
7430,377
7431,163
7432,94
7433,471
7434,49
7435,140
7436,85
7437,99
7438,138
7439,152
7440,155
7441,47
7442,75
7443,140
7444,92
7445,71
7446,69
7447,73
7448,74
7449,87
7450,144
7451,74
7452,150
7453,116
7454,388
7455,473
7456,111
7457,156
7458,77
7459,69
7460,293
7461,78
7462,47
7463,60
7464,69
7465,52
7466,86
7467,76
7468,71
7469,91
7470,119
7471,305
7472,82
7473,422
7474,45
7475,234
7476,89
7477,123
7478,102
7479,173
7480,241
7481,80
7482,173
7483,148
7484,35
7485,80
7486,122
7487,418
7488,117
7489,48
7490,60
7491,59
7492,131
7493,77
7494,165
7495,352
7496,78
7497,100
7498,89
7499,94
7500,51
7501,96
7502,77
7503,108
7504,52
7505,61
7506,83
7507,133
7508,93
7509,42
7510,51
7511,387
7512,101
7513,63
7514,49
7515,79
7516,80
7517,71
7518,80
7519,91
7520,87
7521,51
7522,73
7523,99
7524,56
7525,35
7526,221
7527,146
7528,100
7529,125
7530,66
7531,67
7532,63
7533,52
7534,101
7535,242
7536,65
7537,45
7538,65
7539,73
7540,53
7541,74
7542,44
7543,98
7544,93
7545,81
7546,106
7547,56
7548,37
7549,57
7550,59
7551,269
7552,58
7553,46
7554,304
7555,68
7556,190
7557,61
7558,85
7559,46
7560,131
7561,63
7562,119
7563,65
7564,150
7565,74
7566,56
7567,265
7568,151
7569,70
7570,172
7571,101
7572,196
7573,62
7574,89
7575,101
7576,99
7577,39
7578,167
7579,62
7580,89
7581,136
7582,304
7583,180
7584,70
7585,60
7586,384
7587,96
7588,111
7589,52
7590,67
7591,63
7592,122
7593,111
7594,49
7595,82
7596,33
7597,43
7598,48
7599,251
7600,104
7601,82
7602,95
7603,105
7604,244
7605,99
7606,144
7607,58
7608,65
7609,339
7610,60
7611,398
7612,109
7613,71
7614,117
7615,100
7616,136
7617,488
7618,68
7619,115
7620,102
7621,109
7622,58
7623,102
7624,50
7625,95
7626,53
7627,73
7628,42
7629,60
7630,89
7631,70
7632,96
7633,155
7634,53
7635,74
7636,473
7637,100
7638,115
7639,120
7640,78
7641,49
7642,69
7643,122
7644,134
7645,72
7646,91
7647,74
7648,80
7649,82
7650,40
7651,49
7652,92
7653,114
7654,86
7655,86
7656,99
7657,106
7658,416
7659,60
7660,63
7661,119
7662,58
7663,69
7664,287
7665,286
7666,86
7667,105
7668,50
7669,136
7670,86
7671,110
7672,63
7673,133
7674,80
7675,122
7676,48
7677,63
7678,76
7679,137
7680,85
7681,40
7682,57
7683,33
7684,74
7685,94
7686,91
7687,86
7688,106
7689,112
7690,266
7691,70
7692,288
7693,132
7694,119
7695,67
7696,71
7697,61
7698,99
7699,116
7700,84
7701,106
7702,432
7703,39
7704,85
7705,57
7706,100
7707,43
7708,246
7709,86
7710,110
7711,70
7712,84
7713,340
7714,56
7715,293
7716,93
7717,80
7718,109
7719,69
7720,159
7721,32
7722,76
7723,92
7724,382
7725,60
7726,33
7727,211
7728,61
7729,87
7730,89
7731,222
7732,44
7733,69
7734,89
7735,83
7736,80
7737,82
7738,51
7739,88
7740,113
7741,62
7742,72
7743,41
7744,128
7745,82
7746,116
7747,41
7748,71
7749,108
7750,96
7751,126
7752,34
7753,52
7754,98
7755,96
7756,132
7757,70
7758,72
7759,271
7760,140
7761,307
7762,57
7763,171
7764,101
7765,91
7766,56
7767,102
7768,433
7769,55
7770,69
7771,65
7772,92
7773,122
7774,58
7775,121
7776,108
7777,68
7778,74
7779,250
7780,82
7781,93
7782,431
7783,104
7784,108
7785,466
7786,70
7787,78
7788,100
7789,201
7790,95
7791,91
7792,39
7793,25
7794,93
7795,502
7796,44
7797,93
7798,91
7799,56
7800,426
7801,362
7802,127
7803,31
7804,68
7805,255
7806,111
7807,32
7808,115
7809,427
7810,146
7811,393
7812,88
7813,92
7814,116
7815,58
7816,44
7817,184
7818,56
7819,82
7820,86
7821,259
7822,72
7823,78
7824,209
7825,166
7826,37
7827,51
7828,81
7829,65
7830,57
7831,130
7832,47
7833,354
7834,84
7835,77
7836,84
7837,71
7838,122
7839,71
7840,46
7841,126
7842,109
7843,65
7844,252
7845,39
7846,183
7847,66
7848,112
7849,364
7850,97
7851,291
7852,96
7853,91
7854,68
7855,99
7856,79
7857,225
7858,386
7859,45
7860,63
7861,78
7862,65
7863,57
7864,146
7865,53
7866,146
7867,65
7868,29
7869,50
7870,57
7871,127
7872,79
7873,89
7874,183
7875,76
7876,83
7877,56
7878,436
7879,310
7880,145
7881,45
7882,401
7883,97
7884,55
7885,75
7886,73
7887,56
7888,55
7889,184
7890,427
7891,51
7892,94
7893,144
7894,122
7895,79
7896,281
7897,81
7898,118
7899,69
7900,72
7901,107
7902,59
7903,110
7904,75
7905,68
7906,60
7907,58
7908,502
7909,88
7910,85
7911,323
7912,100
7913,64
7914,151
7915,109
7916,111
7917,298
7918,54
7919,70
7920,206
7921,63
7922,85
7923,725
7924,56
7925,75
7926,75
7927,164
7928,55
7929,77
7930,221
7931,89
7932,201
7933,76
7934,353
7935,123
7936,62
7937,126
7938,90
7939,110
7940,47
7941,85
7942,76
7943,109
7944,63
7945,82
7946,54
7947,95
7948,72
7949,62
7950,87
7951,78
7952,46
7953,70
7954,93
7955,72
7956,61
7957,60
7958,545
7959,64
7960,101
7961,73
7962,303
7963,40
7964,176
7965,60
7966,67
7967,117
7968,36
7969,45
7970,79
7971,66
7972,320
7973,117
7974,76
7975,50
7976,90
7977,55
7978,83
7979,43
7980,441
7981,313
7982,28
7983,80
7984,69
7985,47
7986,432
7987,75
7988,103
7989,67
7990,45
7991,449
7992,142
7993,205
7994,65
7995,210
7996,89
7997,90
7998,93
7999,179
8000,80
8001,43
8002,405
8003,69
8004,81
8005,48
8006,100
8007,123
8008,424
8009,87
8010,56
8011,67
8012,222
8013,57
8014,77
8015,78
8016,47
8017,71
8018,75
8019,72
8020,59
8021,77
8022,121
8023,114
8024,61
8025,34
8026,263
8027,71
8028,216
8029,43
8030,130
8031,72
8032,39
8033,86
8034,184
8035,50
8036,344
8037,86
8038,123
8039,384
8040,78
8041,91
8042,113
8043,39
8044,127
8045,112
8046,101
8047,79
8048,39
8049,55
8050,102
8051,39
8052,64
8053,63
8054,150
8055,80
8056,51
8057,47
8058,57
8059,322
8060,82
8061,165
8062,71
8063,168
8064,35
8065,77
8066,97
8067,108
8068,260
8069,53
8070,135
8071,81
8072,69
8073,68
8074,152
8075,106
8076,96
8077,58
8078,57
8079,170
8080,66
8081,73
8082,132
8083,75
8084,134
8085,360
8086,57
8087,79
8088,72
8089,100
8090,70
8091,102
8092,45
8093,67
8094,327
8095,80
8096,66
8097,37
8098,65
8099,247
8100,344
8101,72
8102,27
8103,74
8104,190
8105,99
8106,34
8107,90
8108,49
8109,40
8110,397
8111,192
8112,113
8113,135
8114,100
8115,68
8116,50
8117,213
8118,45
8119,78
8120,89
8121,77
8122,44
8123,344
8124,62
8125,75
8126,77
8127,191
8128,33
8129,26
8130,84
8131,71
8132,197
8133,92
8134,270
8135,64
8136,70
8137,105
8138,160
8139,73
8140,90
8141,352
8142,68
8143,38
8144,215
8145,230
8146,166
8147,63
8148,100
8149,66
8150,91
8151,66
8152,47
8153,421
8154,92
8155,150
8156,91
8157,92
8158,460
8159,196
8160,79
8161,168
8162,122
8163,90
8164,55
8165,61
8166,59
8167,103
8168,126
8169,52
8170,62
8171,79
8172,183
8173,313
8174,61
8175,103
8176,82
8177,96
8178,52
8179,122
8180,464
8181,50
8182,56
8183,62
8184,128
8185,274
8186,82
8187,46
8188,226
8189,62
8190,388
8191,70
8192,396
8193,51
8194,84
8195,74
8196,81
8197,158
8198,94
8199,64
8200,89
8201,569
8202,65
8203,78
8204,271
8205,73
8206,64
8207,97
8208,69
8209,41
8210,77
8211,106
8212,52
8213,119
8214,62
8215,118
8216,106
8217,78
8218,84
8219,64
8220,67
8221,387
8222,64
8223,310
8224,139
8225,82
8226,60
8227,90
8228,49
8229,52
8230,58
8231,111
8232,63
8233,80
8234,127
8235,368
8236,84
8237,102
8238,108
8239,120
8240,51
8241,204
8242,105
8243,151
8244,71
8245,155
8246,82
8247,72
8248,58
8249,81
8250,57
8251,217
8252,111
8253,71
8254,46
8255,136
8256,100
8257,63
8258,208
8259,69
8260,115
8261,75
8262,76
8263,503
8264,68
8265,239
8266,101
8267,80
8268,142
8269,39
8270,58
8271,49
8272,30
8273,91
8274,188
8275,143
8276,505
8277,95
8278,158
8279,57
8280,74
8281,77
8282,86
8283,67
8284,83
8285,127
8286,78
8287,44
8288,73
8289,483
8290,95
8291,124
8292,66
8293,56
8294,53
8295,124
8296,100
8297,63
8298,128
8299,90
8300,316
8301,70
8302,144
8303,82
8304,79
8305,347
8306,114
8307,95
8308,55
8309,74
8310,115
8311,74
8312,107
8313,460
8314,61
8315,70
8316,164
8317,71
8318,413
8319,87
8320,117
8321,101
8322,47
8323,155
8324,82
8325,61
8326,273
8327,93
8328,92
8329,362
8330,81
8331,408
8332,334
8333,58
8334,61
8335,80
8336,105
8337,57
8338,38
8339,155
8340,68
8341,80
8342,85
8343,74
8344,153
8345,98
8346,78
8347,237
8348,81
8349,86
8350,68
8351,30
8352,225
8353,130
8354,46
8355,72
8356,49
8357,69
8358,153
8359,56
8360,75
8361,102
8362,116
8363,83
8364,141
8365,38
8366,90
8367,131
8368,77
8369,63
8370,288
8371,127
8372,379
8373,23
8374,114
8375,70
8376,95
8377,78
8378,101
8379,58
8380,90
8381,142
8382,90
8383,135
8384,58
8385,232
8386,45
8387,32
8388,77
8389,132
8390,107
8391,79
8392,62
8393,455
8394,38
8395,197
8396,52
8397,82
8398,54
8399,49
8400,125
8401,147
8402,70
8403,125
8404,70
8405,101
8406,47
8407,95
8408,110
8409,343
8410,95
8411,38
8412,293
8413,54
8414,372
8415,93
8416,85
8417,398
8418,427
8419,82
8420,147
8421,58
8422,411
8423,425
8424,19
8425,52
8426,68
8427,52
8428,83
8429,48
8430,58
8431,84
8432,129
8433,76
8434,96
8435,95
8436,92
8437,81
8438,35
8439,95
8440,60
8441,93
8442,138
8443,120
8444,117
8445,95
8446,87
8447,164
8448,78
8449,88
8450,247
8451,311
8452,144
8453,73
8454,50
8455,60
8456,43
8457,127
8458,395
8459,56
8460,54
8461,31
8462,85
8463,77
8464,74
8465,120
8466,37
8467,103
8468,402
8469,77
8470,105
8471,36
8472,401
8473,71
8474,73
8475,143
8476,35
8477,181
8478,66
8479,137
8480,82
8481,83
8482,86
8483,36
8484,123
8485,109
8486,268
8487,62
8488,38
8489,123
8490,91
8491,404
8492,80
8493,37
8494,392
8495,72
8496,82
8497,83
8498,77
8499,87
8500,66
8501,86
8502,146
8503,49
8504,93
8505,59
8506,69
8507,59
8508,170
8509,161
8510,40
8511,218
8512,72
8513,465
8514,52
8515,140
8516,213
8517,58
8518,69
8519,99
8520,85
8521,54
8522,46
8523,72
8524,70
8525,82
8526,108
8527,86
8528,45
8529,90
8530,58
8531,331
8532,56
8533,49
8534,170
8535,86
8536,69
8537,79
8538,103
8539,247
8540,99
8541,47
8542,93
8543,24
8544,70
8545,256
8546,59
8547,113
8548,65
8549,432
8550,83
8551,105
8552,128
8553,63
8554,52
8555,113
8556,148
8557,52
8558,62
8559,68
8560,64
8561,60
8562,212
8563,52
8564,125
8565,453
8566,57
8567,80
8568,86
8569,64
8570,68
8571,52
8572,39
8573,148
8574,71
8575,75
8576,66
8577,488
8578,309
8579,330
8580,122
8581,90
8582,127
8583,291
8584,59
8585,61
8586,111
8587,379
8588,61
8589,158
8590,309
8591,47
8592,63
8593,91
8594,79
8595,290
8596,85
8597,61
8598,116
8599,166
8600,73
8601,109
8602,60
8603,34
8604,328
8605,90
8606,54
8607,151
8608,83
8609,99
8610,65
8611,248
8612,68
8613,121
8614,64
8615,49
8616,92
8617,67
8618,86
8619,58
8620,85
8621,136
8622,72
8623,73
8624,200
8625,60
8626,58
8627,56
8628,316
8629,254
8630,53
8631,50
8632,69
8633,55
8634,91
8635,95
8636,98
8637,83
8638,77
8639,114
8640,62
8641,57
8642,448
8643,236
8644,51
8645,91
8646,114
8647,68
8648,81
8649,87
8650,208
8651,77
8652,81
8653,68
8654,444
8655,68
8656,41
8657,61
8658,56
8659,116
8660,82
8661,170
8662,69
8663,92
8664,68
8665,86
8666,154
8667,65
8668,344
8669,32
8670,85
8671,47
8672,490
8673,49
8674,352
8675,52
8676,94
8677,95
8678,94
8679,75
8680,167
8681,89
8682,42
8683,54
8684,96
8685,67
8686,50
8687,63
8688,76
8689,105
8690,118
8691,88
8692,89
8693,88
8694,82
8695,138
8696,205
8697,115
8698,80
8699,82
8700,105
8701,33
8702,789
8703,46
8704,334
8705,90
8706,85
8707,68
8708,81
8709,56
8710,86
8711,85
8712,83
8713,58
8714,246
8715,34
8716,142
8717,132
8718,46
8719,53
8720,71
8721,99
8722,33
8723,25
8724,93
8725,59
8726,54
8727,109
8728,92
8729,130
8730,96
8731,61
8732,77
8733,74
8734,85
8735,60
8736,88
8737,69
8738,68
8739,55
8740,51
8741,91
8742,82
8743,425
8744,148
8745,156
8746,104
8747,403
8748,87
8749,115
8750,41
8751,53
8752,39
8753,155
8754,47
8755,62
8756,51
8757,311
8758,59
8759,160
8760,46
8761,106
8762,95
8763,66
8764,127
8765,70
8766,87
8767,81
8768,105
8769,49
8770,123
8771,86
8772,77
8773,43
8774,48
8775,53
8776,93
8777,152
8778,220
8779,45
8780,106
8781,207
8782,64
8783,77
8784,343
8785,56
8786,37
8787,69
8788,106
8789,399
8790,49
8791,81
8792,50
8793,101
8794,94
8795,113
8796,62
8797,69
8798,96
8799,64
8800,91
8801,65
8802,79
8803,47
8804,359
8805,64
8806,69
8807,434
8808,139
8809,91
8810,58
8811,97
8812,56
8813,289
8814,95
8815,268
8816,119
8817,86
8818,41
8819,123
8820,69
8821,550
8822,47
8823,65
8824,177
8825,52
8826,31
8827,67
8828,78
8829,79
8830,403
8831,74
8832,133
8833,200
8834,120
8835,152
8836,60
8837,291
8838,84
8839,62
8840,63
8841,56
8842,116
8843,104
8844,108
8845,84
8846,60
8847,76
8848,325
8849,47
8850,80
8851,35
8852,76
8853,77
8854,76
8855,96
8856,58
8857,339
8858,69
8859,69
8860,122
8861,361
8862,189
8863,74
8864,65
8865,320
8866,131
8867,380
8868,72
8869,154
8870,86
8871,92
8872,147
8873,53
8874,116
8875,34
8876,82
8877,109
8878,81
8879,122
8880,61
8881,61
8882,116
8883,65
8884,282
8885,76
8886,61
8887,366
8888,88
8889,39
8890,70
8891,42
8892,79
8893,63
8894,305
8895,107
8896,247
8897,50
8898,218
8899,57
8900,111
8901,92
8902,334
8903,64
8904,31
8905,81
8906,121
8907,546
8908,62
8909,50
8910,72
8911,230
8912,66
8913,255
8914,411
8915,234
8916,188
8917,110
8918,164
8919,78
8920,61
8921,46
8922,110
8923,297
8924,84
8925,71
8926,62
8927,65
8928,78
8929,70
8930,130
8931,83
8932,103
8933,99
8934,95
8935,73
8936,49
8937,64
8938,138
8939,310
8940,109
8941,185
8942,80
8943,166
8944,48
8945,386
8946,129
8947,488
8948,53
8949,437
8950,53
8951,84
8952,55
8953,177
8954,139
8955,50
8956,284
8957,208
8958,50
8959,67
8960,87
8961,422
8962,185
8963,108
8964,85
8965,389
8966,99
8967,85
8968,51
8969,113
8970,76
8971,165
8972,80
8973,41
8974,127
8975,62
8976,297
8977,103
8978,104
8979,173
8980,70
8981,73
8982,41
8983,102
8984,100
8985,45
8986,249
8987,72
8988,62
8989,88
8990,103
8991,72
8992,40
8993,56
8994,60
8995,67
8996,87
8997,92
8998,90
8999,53
9000,109
9001,229
9002,58
9003,142
9004,81
9005,44
9006,55
9007,91
9008,60
9009,78
9010,71
9011,105
9012,74
9013,297
9014,83
9015,372
9016,124
9017,71
9018,89
9019,310
9020,408
9021,425
9022,89
9023,96
9024,95
9025,30
9026,95
9027,67
9028,120
9029,437
9030,79
9031,452
9032,32
9033,66
9034,89
9035,55
9036,87
9037,123
9038,63
9039,409
9040,73
9041,135
9042,296
9043,533
9044,70
9045,110
9046,72
9047,107
9048,530
9049,66
9050,341
9051,69
9052,75
9053,413
9054,108
9055,55
9056,73
9057,55
9058,141
9059,96
9060,93
9061,61
9062,78
9063,146
9064,207
9065,142
9066,95
9067,76
9068,58
9069,90
9070,306
9071,123
9072,143
9073,158
9074,86
9075,94
9076,54
9077,56
9078,59
9079,97
9080,232
9081,80
9082,101
9083,322
9084,73
9085,89
9086,111
9087,300
9088,91
9089,61
9090,69
9091,51
9092,94
9093,84
9094,415
9095,63
9096,90
9097,57
9098,80
9099,44
9100,378
9101,70
9102,97
9103,47
9104,131
9105,92
9106,68
9107,134
9108,76
9109,76
9110,78
9111,158
9112,314
9113,89
9114,51
9115,100
9116,66
9117,87
9118,155
9119,79
9120,86
9121,85
9122,69
9123,83
9124,59
9125,65
9126,75
9127,129
9128,376
9129,80
9130,72
9131,58
9132,370
9133,106
9134,61
9135,242
9136,45
9137,98
9138,218
9139,66
9140,450
9141,72
9142,74
9143,110
9144,83
9145,42
9146,76
9147,56
9148,73
9149,65
9150,81
9151,62
9152,119
9153,67
9154,62
9155,153
9156,847
9157,151
9158,263
9159,61
9160,28
9161,127
9162,63
9163,28
9164,128
9165,88
9166,79
9167,384
9168,59
9169,61
9170,51
9171,50
9172,83
9173,118
9174,78
9175,84
9176,304
9177,79
9178,204
9179,390
9180,71
9181,125
9182,145
9183,69
9184,230
9185,64
9186,93
9187,75
9188,82
9189,99
9190,95
9191,86
9192,122
9193,84
9194,359
9195,392
9196,117
9197,103
9198,42
9199,99
9200,58
9201,71
9202,49
9203,65
9204,59
9205,67
9206,126
9207,58
9208,123
9209,98
9210,48
9211,89
9212,60
9213,96
9214,77
9215,59
9216,184
9217,78
9218,66
9219,37
9220,79
9221,102
9222,68
9223,106
9224,75
9225,502
9226,73
9227,419
9228,74
9229,86
9230,81
9231,72
9232,45
9233,338
9234,394
9235,105
9236,70
9237,98
9238,124
9239,108
9240,65
9241,151
9242,573
9243,71
9244,120
9245,116
9246,57
9247,103
9248,53
9249,191
9250,85
9251,88
9252,39
9253,106
9254,95
9255,74
9256,127
9257,305
9258,73
9259,43
9260,365
9261,51
9262,129
9263,70
9264,429
9265,91
9266,119
9267,76
9268,149
9269,99
9270,78
9271,270
9272,105
9273,55
9274,78
9275,180
9276,473
9277,82
9278,74
9279,380
9280,71
9281,124
9282,108
9283,38
9284,70
9285,112
9286,245
9287,471
9288,74
9289,76
9290,75
9291,116
9292,94
9293,110
9294,80
9295,48
9296,77
9297,40
9298,66
9299,375
9300,94
9301,113
9302,69
9303,46
9304,52
9305,61
9306,96
9307,112
9308,88
9309,271
9310,218
9311,67
9312,37
9313,85
9314,86
9315,67
9316,99
9317,53
9318,95
9319,87
9320,99
9321,69
9322,88
9323,102
9324,36
9325,244
9326,90
9327,336
9328,125
9329,41
9330,69
9331,195
9332,56
9333,135
9334,57
9335,207
9336,53
9337,53
9338,261
9339,427
9340,123
9341,114
9342,178
9343,87
9344,72
9345,30
9346,88
9347,83
9348,62
9349,96
9350,93
9351,132
9352,82
9353,327
9354,69
9355,351
9356,34
9357,74
9358,41
9359,179
9360,133
9361,98
9362,187
9363,93
9364,84
9365,78
9366,120
9367,59
9368,429
9369,55
9370,99
9371,68
9372,68
9373,44
9374,109
9375,89
9376,74
9377,71
9378,376
9379,38
9380,110
9381,114
9382,112
9383,291
9384,396
9385,56
9386,241
9387,93
9388,301
9389,51
9390,108
9391,63
9392,522
9393,305
9394,28
9395,78
9396,72
9397,42
9398,386
9399,393
9400,77
9401,62
9402,76
9403,57
9404,93
9405,76
9406,102
9407,85
9408,96
9409,69
9410,64
9411,70
9412,464
9413,64
9414,54
9415,123
9416,122
9417,158
9418,74
9419,88
9420,74
9421,123
9422,224
9423,387
9424,98
9425,77
9426,56
9427,49
9428,48
9429,43
9430,78
9431,64
9432,78
9433,101
9434,80
9435,37
9436,164
9437,69
9438,97
9439,82
9440,178
9441,81
9442,56
9443,339
9444,392
9445,116
9446,52
9447,72
9448,73
9449,113
9450,76
9451,191
9452,140
9453,83
9454,66
9455,84
9456,92
9457,64
9458,69
9459,48
9460,82
9461,132
9462,104
9463,156
9464,194
9465,173
9466,48
9467,78
9468,60
9469,100
9470,86
9471,125
9472,421
9473,115
9474,79
9475,103
9476,90
9477,105
9478,52
9479,116
9480,399
9481,71
9482,61
9483,52
9484,71
9485,93
9486,260
9487,86
9488,58
9489,289
9490,52
9491,92
9492,142
9493,151
9494,133
9495,467
9496,64
9497,99
9498,84
9499,101
9500,121
9501,342
9502,143
9503,100
9504,72
9505,86
9506,93
9507,52
9508,58
9509,56
9510,70
9511,63
9512,277
9513,307
9514,62
9515,96
9516,81
9517,73
9518,139
9519,70
9520,95
9521,84
9522,62
9523,122
9524,49
9525,89
9526,88
9527,399
9528,48
9529,151
9530,89
9531,118
9532,51
9533,328
9534,180
9535,69
9536,191
9537,60
9538,344
9539,68
9540,107
9541,29
9542,42
9543,36
9544,109
9545,150
9546,70
9547,118
9548,229
9549,73
9550,91
9551,104
9552,53
9553,133
9554,65
9555,94
9556,350
9557,155
9558,34
9559,141
9560,79
9561,90
9562,281
9563,65
9564,60
9565,217
9566,66
9567,56
9568,67
9569,69
9570,33
9571,61
9572,112
9573,166
9574,94
9575,253
9576,64
9577,50
9578,144
9579,410
9580,65
9581,91
9582,95
9583,55
9584,63
9585,43
9586,59
9587,64
9588,98
9589,57
9590,53
9591,58
9592,56
9593,55
9594,98
9595,57
9596,33
9597,461
9598,46
9599,142
9600,41
9601,76
9602,224
9603,43
9604,460
9605,64
9606,94
9607,53
9608,54
9609,324
9610,424
9611,128
9612,59
9613,60
9614,75
9615,48
9616,41
9617,88
9618,36
9619,180
9620,94
9621,78
9622,52
9623,77
9624,74
9625,55
9626,89
9627,111
9628,96
9629,311
9630,75
9631,75
9632,454
9633,51
9634,46
9635,84
9636,68
9637,148
9638,91
9639,60
9640,99
9641,76
9642,76
9643,70
9644,72
9645,65
9646,381
9647,276
9648,132
9649,41
9650,178
9651,47
9652,418
9653,110
9654,232
9655,94
9656,289
9657,64
9658,146
9659,61
9660,108
9661,389
9662,332
9663,82
9664,88
9665,112
9666,147
9667,61
9668,95
9669,125
9670,345
9671,126
9672,43
9673,188
9674,120
9675,108
9676,70
9677,449
9678,50
9679,80
9680,451
9681,144
9682,86
9683,129
9684,276
9685,119
9686,311
9687,130
9688,374
9689,76
9690,91
9691,75
9692,51
9693,52
9694,306
9695,45
9696,95
9697,127
9698,107
9699,107
9700,102
9701,435
9702,277
9703,98
9704,118
9705,80
9706,134
9707,80
9708,79
9709,75
9710,68
9711,136
9712,110
9713,82
9714,61
9715,37
9716,100
9717,87
9718,45
9719,107
9720,192
9721,42
9722,48
9723,352
9724,76
9725,80
9726,127
9727,67
9728,65
9729,470
9730,39
9731,87
9732,169
9733,387
9734,68
9735,85
9736,64
9737,142
9738,79
9739,69
9740,119
9741,107
9742,58
9743,83
9744,52
9745,38
9746,373
9747,66
9748,55
9749,85
9750,77
9751,67
9752,71
9753,37
9754,344
9755,27
9756,72
9757,59
9758,92
9759,271
9760,64
9761,30
9762,137
9763,136
9764,64
9765,156
9766,111
9767,326
9768,53
9769,60
9770,92
9771,93
9772,65
9773,289
9774,107
9775,81
9776,111
9777,74
9778,95
9779,55
9780,75
9781,50
9782,89
9783,78
9784,28
9785,426
9786,67
9787,120
9788,91
9789,135
9790,87
9791,77
9792,88
9793,378
9794,57
9795,312
9796,397
9797,54
9798,72
9799,49
9800,61
9801,449
9802,79
9803,48
9804,82
9805,91
9806,113
9807,57
9808,110
9809,378
9810,68
9811,241
9812,57
9813,67
9814,76
9815,92
9816,115
9817,120
9818,124
9819,74
9820,65
9821,266
9822,75
9823,56
9824,82
9825,86
9826,85
9827,148
9828,562
9829,61
9830,91
9831,83
9832,89
9833,235
9834,439
9835,392
9836,162
9837,135
9838,79
9839,73
9840,79
9841,205
9842,33
9843,77
9844,72
9845,77
9846,391
9847,46
9848,99
9849,118
9850,202
9851,128
9852,63
9853,96
9854,103
9855,114
9856,85
9857,84
9858,63
9859,42
9860,61
9861,95
9862,45
9863,187
9864,134
9865,105
9866,311
9867,67
9868,79
9869,365
9870,47
9871,357
9872,65
9873,476
9874,46
9875,183
9876,114
9877,382
9878,41
9879,61
9880,46
9881,61
9882,66
9883,64
9884,88
9885,56
9886,99
9887,50
9888,82
9889,61
9890,67
9891,78
9892,391
9893,86
9894,205
9895,178
9896,67
9897,206
9898,72
